0.0 0.0 0.0 0.0 0.0 0.0 
0.02373228859322163 0.018274364796539988 0.027782433460594724 0.013440826309224274 0.0 1.9811193689176108 
0.04566430860160886 -0.037456503425389975 0.03203479963494793 -0.07093813491654699 0.0 0.9227052319410305 
0.050915970250621 0.03812330948472109 0.02656872143850819 0.0157218179466998 0.0 1.32253841374731 
0.0016763714702672239 0.0032928812385772943 0.0016165361359603558 0.003222222998076063 3.4861173677436863 2.832970541129077 
0.0 0.0 0.0 0.0 0.0 0.0 
0.002028279082536777 0.0035016851476905586 0.0018586675023217758 0.0034865877185126237 4.611414173780788 5.662637589390959 
0.005566972091870959 0.012410552847079703 0.005856645939348315 0.012342547163207929 4.245090950297887 5.67501123394298 
-0.0003995580003461896 0.07308391820940097 0.13006663213781167 0.07166913358198546 5.578316800101264 6.231888773596829 
0.0004957308645558989 0.01174699968718107 0.01832300860321956 0.011777270856561994 7.015312393551153 6.328954197512202 
0.0 0.0 0.0 0.0 0.0 0.0 
0.00015033173660583543 0.016737927042955736 0.027941217198350632 0.0184359712299087 3.4232695973168585 3.7839422927967172 
0.002786371691329226 0.007182612997147508 0.0029167586806178036 0.007233942332711685 2.478955005550805 2.7633172590761923 
0.0069844874713087535 0.01846156113626618 0.0071762235274812625 0.0186346487044573 5.74208450891021 4.596704042218968 
0.0029043728345237163 0.007252488423199477 0.0030894222134509874 0.007142386392239963 2.649985577487767 3.1359798014702474 
0.0 0.0 0.0 0.0 0.0 0.0 
-0.029528592265522846 -0.059368987744313984 -0.07026203914363727 -0.07628043406565865 -0.03990838394403884 0.0 
0.0 0.018631471934429378 -0.0273156736952318 0.01874542841810989 1.572596054288061 0.06675602935803493 
0.0 -0.13842380906494178 -0.05640605040137481 -0.16035519795055753 1.9255658932858646 0.05001216444796874 
0.0 0.03170255313217618 -0.11077028965025892 0.017715917398784864 1.696738502070815 0.05297003338074724 
0.0 0.0 0.0 0.0 0.0 0.0 
0.049904228444541676 0.030035197573268224 0.037146340785965126 6.084022174945858e-14 4.157613220912506 3.4015882643388693 
0.22897832035728127 -0.022925516626334685 -0.006072604226702527 -0.0020525894015785973 8.91014400000001 7.232634885453202 
0.11939166840133053 0.06500366634725774 0.04678988206733692 -2.1443361832851338e-05 3.4450592461552763 6.933576125860547 
0.00027775840217003633 0.0027649720443121417 0.002750387545729094 0.004197166546175968 3.1167871409103505 4.323333681793805 
0.0 0.0 0.0 0.0 0.0 0.0 
0.00031003970060616837 0.0026935104150789257 0.002697082910691151 0.004267687400931308 3.7990000889612627 3.3801188722718845 
0.0005789908921447484 0.01065636732065478 0.011757437887456312 0.01710172439800095 4.713124049890858 4.14517820466456 
0.013560782259200987 0.06848153070024088 0.06202470104735003 0.014847207995844602 5.264477962383468 5.7366308910601695 
0.004324686699523461 0.011526151778995075 0.010962977663614204 0.004548819512121938 4.678220297458225 6.292289176258215 
0.0 0.0 0.0 0.0 0.0 0.0 
0.0045829928348677385 0.015753356145223663 0.015438907177669048 0.00475680306552384 5.116795922512969 6.427998059071932 
0.00013477342748879906 0.006646937075712955 0.0068212539300720465 0.010243774547194384 3.391617439285513 4.710461162583633 
0.00014820834711271047 0.01683702981433033 0.018472701333205777 0.031439115491449954 4.033297942407779 5.70264944542285 
0.00019124189049213314 0.006132653549414613 0.006715457869056696 0.009976208773097017 3.8167096956863116 2.8718668589212104 
0.0 0.0 0.0 0.0 0.0 0.0 
-2.555999999999989 -4.351018854025336 -4.794283123345381 -0.0014500565381894148 2.400000000000013 1.8374326176012343 
-0.03075119892260969 0.13249008152227293 0.1523163274578787 0.27918853713646485 6.76099328155761 6.731646479542842 
-0.20175050097952396 0.2512473116661853 0.2574619091366912 -0.46228936616148286 8.508699202441433 8.49024000000001 
-0.10504455318224748 0.10670124377488399 0.1047881080767672 0.3012733879345981 7.220543484365562 8.010203507528713 
0.0 0.0 0.0 0.0 0.0 0.0 
5.3005007335737986e-05 0.003935686269054273 0.006429154619425059 0.004218207849694622 4.688222212429874 5.202441838282697 
0.00011736125261485597 0.032742221664034954 0.04880974440477326 0.03263408048498073 6.988029256627012 5.107960054960891 
3.0603542058749156e-05 0.0060618960846912096 0.011274036521771169 0.006665589489383894 2.7746021599833703 1.3622685568379076 
0.03337354924109892 0.01944562584291676 2.136176568967585e-09 0.0263031592541636 3.0766955242680005 4.56526510981824 
0.0 0.0 0.0 0.0 0.0 0.0 
0.035202897456364735 0.02165731467431975 9.913430520924749e-09 0.03223117470018 3.3506137666760907 4.143319985003432 
0.17375884578251144 0.11538909121857621 -0.0004596331682780175 0.09919165943358133 5.524444248941456 5.5039017714661576 
3.665662410146098e-05 0.03232663135926961 0.03786084591009198 0.02369866041401192 6.969294012467756 5.751056751147251 
1.346039479122041e-05 0.0031374429589643427 0.005149713446586102 0.0038540007342109384 3.1300229427300366 2.517829604040582 
0.0 0.0 0.0 0.0 0.0 0.0 
2.419646645179796e-05 0.006007963982900488 0.01097610520312653 0.0067010091994048615 1.663544167318637 5.110617141524294 
0.0072226379750852665 0.018520789897944034 0.006798234746041132 0.018203482659433945 5.263963148380941 5.101900699250744 
0.016012654517573388 0.04648560419928538 0.01527670077884924 0.046885650078402286 7.1304664806501235 7.077038609810723 
0.007587924821394143 0.018757348730136236 0.007997042397985599 0.019732986229171523 4.662942303407907 5.688385439819362 
0.0 0.0 0.0 0.0 0.0 0.0 
-0.3125864382278498 0.07540234375369659 0.27128099000501615 0.08040174433768632 8.039625086906138 8.042276663250734 
-0.7671229478969888 -2.821568255999989 -4.282353689667501 -2.821568255999989 4.7168907508800135 4.740000000000013 
-0.07930875723859554 0.1391426569761005 0.334926575085317 0.1373307900468439 8.07177319234024 6.51772317045579 
-0.1879539994256325 0.4219979779644434 -0.2319105957145977 0.48201439332442186 9.450240000000012 8.517962582496011 
0.0 0.0 0.0 0.0 0.0 0.0 
0.00080102290725792 0.0032274203344462293 0.004952222163422615 0.000916567200319296 4.66146415545931 3.7906684900496614 
0.00512216814986477 0.02286316060182436 0.03435327682296174 0.004925186709043405 3.0625454866276094 3.4968983952053074 
0.001670516341603978 0.005705425482844806 0.008186116341002414 0.0015394920075970653 5.674081208928288 5.665192537005991 
0.037767948250217565 0.01770132753058462 0.0 0.048000025581371286 2.453887237291024 3.7016041251398635 
0.0 0.0 0.0 0.0 0.0 0.0 
0.049231163500121244 0.02445137249424878 0.0 0.03651210042518116 2.701077042189967 4.557073669438065 
0.1028492811045787 0.04927049820337537 0.0 0.1392035151178419 2.595212495515005 2.319027859672204 
0.0029345283656274646 0.020766278735809163 0.03351258857483952 0.0030039893343678514 6.346798915570061 5.210421706643004 
0.0003977441387124081 0.002726089383204844 0.0042897587999970455 0.0004307106066772093 2.0196858091277026 2.8035040961705846 
0.0 0.0 0.0 0.0 0.0 0.0 
0.0009457291612484653 0.005243873928914233 0.0076747188811818745 0.0009188214121969018 2.7776791421525058 3.064948767161182 
0.00019000168686300611 0.01884880761525265 0.029653459919562586 0.03020800067934415 4.581226272822403 6.323286949553609 
0.00017581572292790781 0.05206868591055214 0.06708760113598222 0.08725513411852459 4.614928631816295 4.775510071908444 
5.964049868723009e-05 0.018756462638889193 0.02707119834814753 0.030166437828071047 3.4032534529572835 3.8071348425384492 
0.0 0.0 0.0 0.0 0.0 0.0 
-0.0019269665741306063 0.1319837247194724 0.2559987935678638 -0.10878588722682037 6.170261124142871 4.456830351538322 
-2.555999999999989 -5.795999999999985 -0.045000779282903025 -2.555999999999989 2.152256341527179 1.3430307073744623 
0.0 0.031563137857588686 0.1432349101516217 -0.08528183863914962 2.100798200979499 1.533631949870495 
-0.02894576100748225 -0.27506906006074927 0.42551633232266606 0.3760969853459539 6.9678672215953 5.619214495869665 
0.0 0.0 0.0 0.0 0.0 0.0 
0.0018062391383448784 0.003248808653761426 0.0032464322185203898 0.001775459891778297 2.052935864695872 3.77678285739056 
0.012499175816583996 0.02466262828448995 0.025011429541414554 0.013432168378954668 4.214380346894431 3.885018493905318 
0.0035641552719489766 0.005990162513441533 0.0063391500351022145 0.003654600563530064 6.307500843905582 4.134632405740872 
0.018513181998621953 0.018192933474533657 0.019894544711528184 0.037793413524896735 0.0 0.8580047087297249 
0.0 0.0 0.0 0.0 0.0 0.0 
0.03236930665733384 0.03474143962932663 0.020589636600096384 0.03454160017022634 0.0 1.0769578498794825 
0.09732178813534942 0.017264484861265528 0.008226949742823564 0.05099723539458889 0.0 1.49429307189523 
0.008471286913938947 0.02012564827478247 0.019944425296644752 0.00846905880615001 6.9742429974215705 5.178960282242602 
0.0012048983978170114 0.002666895818397297 0.0026259823470349275 0.0011365968202246002 2.756035740395122 3.154483845828043 
0.0 0.0 0.0 0.0 0.0 0.0 
0.002021308122441834 0.004466465063842406 0.004544714058722921 0.0022213495082050727 3.05661844001453 5.09512188520384 
0.009868592424895795 0.0214220576303239 0.021605946385549135 0.009042027681352316 5.210677774949818 3.820280895354739 
0.02292434688879963 0.05510926205062061 0.05505312534294049 0.023071249710020503 6.337053511314523 7.013798641445929 
0.00743804010201865 0.017051528108286362 0.0183595801420946 0.0067365740930731555 4.176436603402452 4.615805936261236 
0.0 0.0 0.0 0.0 0.0 0.0 
0.0 0.012276597242008691 0.031557217629160306 -0.009549739142168168 1.6035116702026215 0.029090876777966734 
-0.09136889876491772 -0.07427912063154984 -0.07366983725090215 -0.22973587851941524 -0.01921528389819893 0.0 
-0.008831107155295559 0.049797157254663826 0.023097402874470152 0.0 1.7551829999234876 0.026445518893097653 
0.0 -0.0026756285193936247 -0.007140808551640232 -0.14256121801844368 1.730756068418808 0.11434335123800587 
0.0 0.0 0.0 0.0 0.0 0.0 
0.03647786702239442 0.0 0.025204217113501848 0.01785858882848279 2.205470261935181 1.4690616638894163 
0.03208131865824182 0.0 0.04994922567374571 -0.003010663532052593 2.508621124897447 0.6447500884045745 
0.031201416668754867 0.0 0.0237306717112733 0.011331085273627917 0.29877058603802986 2.4475819434273305 
0.0007961040300026312 0.004874858574318797 0.0007673428180057229 0.0032492692492525066 4.655140524612872 3.3981829667952237 
0.0 0.0 0.0 0.0 0.0 0.0 
0.0009628797288319113 0.004778997629091286 0.0009705275517042367 0.003570322079687216 3.0404312881320497 5.680253629014181 
0.0027062868070935053 0.02092914738272489 0.002819778085329183 0.013243347359301882 3.5487153208610946 3.4034398812364994 
-9.742545522328783e-06 0.11430459029233653 0.08388901793230685 0.0384827702962558 4.473976036518419 6.132905567777829 
1.4916968238409822e-07 0.024328342869194497 0.024232332406596502 0.01358488686611592 5.2852285020403595 4.609895980200092 
0.0 0.0 0.0 0.0 0.0 0.0 
-6.028681376335498e-08 0.0329497363361817 0.034852792479082684 0.017198372589286137 4.5584883474561515 4.5921783749087535 
0.000761593932026905 0.010734044868724535 0.0008027467160407475 0.007498566681764629 2.195144129680564 4.627958765720501 
0.002180829224958991 0.031485602637054466 0.002201250775649477 0.02071127751503843 3.0678302405380595 6.28637960565687 
0.000877787012627973 0.011939702102736316 0.0008283623728209122 0.007433819609365067 5.127875773608439 5.162791829384636 
0.0 0.0 0.0 0.0 0.0 0.0 
-0.01567102995241365 0.0 -0.016289369987359414 -0.05086186971444384 0.023260412876556558 0.008020155473398738 
0.0 0.0934616767966654 -0.02950013862433276 0.021156467583889782 1.8994945789536608 0.3932237284577198 
0.0 -0.04644826224207432 -0.11071120944360358 -0.2931257016136704 1.555567095946631 1.105483479084671 
0.0 0.08218604965616372 -0.048511516788516174 0.05863480633432072 0.6412618296439945 3.106764613336745 
0.0 0.0 0.0 0.0 0.0 0.0 
0.038321880963545496 2.0512480602974392e-11 0.012585734288678374 2.2373214392246155e-11 4.604365985715459 2.2934501082723493 
0.11682943603239915 -0.1084859981710542 0.028665753127354865 0.0 3.951832548266486 0.7365579742841799 
0.059855172610016716 -8.260473278554059e-05 0.01981377192193312 0.0 2.4122077030620375 1.5925750260413878 
1.3894310624706918e-05 0.004877779353271272 0.0042344447220634684 0.005621453961352607 2.776471304946055 3.821631449307718 
0.0 0.0 0.0 0.0 0.0 0.0 
9.763967510068028e-06 0.006035525828504085 0.003898991150593112 0.006734731226524016 4.215325101666602 2.804697552255046 
8.708666308532287e-06 0.026641670714053767 0.014880001805410714 0.026086423229398914 7.039079570330479 7.040652685622231 
-4.975090942282989e-05 0.10286164242328288 0.057785831902141815 -0.012616797126685508 7.088098847430251 7.833197099130633 
0.0010359422453616318 0.01826043642374575 0.011898496859695573 0.0010328695908068397 3.0855670444399763 4.757088187115547 
0.0 0.0 0.0 0.0 0.0 0.0 
0.0006989263408403446 0.03091980982321685 0.01711688053635907 0.000641035473256224 3.088606759685094 4.179121637127344 
1.6648363931892618e-07 0.014730926291225632 0.009837132770719403 0.014388161039438518 2.722774028452301 2.7329206399982837 
8.678761176383887e-08 0.027814643176390597 0.02625677809160809 0.04126176635000611 6.370737250150865 4.300095999647206 
3.970788102769518e-07 0.016642151650719583 0.010510074125658075 0.01653769627362145 2.278980670595926 2.255550178138927 
0.0 0.0 0.0 0.0 0.0 0.0 
-0.05797030355782212 -0.3228490520050533 -0.06176522613213642 0.0 0.43916556876868107 0.18018104764895781 
-0.000475418787679871 0.33619982623005007 0.06736107555817128 0.3288795042080024 6.499615712031828 7.208650947767749 
-0.006640809251903523 0.41948278483784396 -0.27909658240855384 -1.1600487606855778 7.00890885099837 7.790400000000013 
-0.000519188473673049 0.2794209004338286 -0.10625418860265312 0.2800492760646094 5.539481267806956 4.988404741567476 
0.0 0.0 0.0 0.0 0.0 0.0 
5.744885589464843e-08 0.008251492035570074 0.010031685528950174 0.006800649687736637 5.18121127899961 4.617061060651339 
-4.862669822358612e-09 0.05909290914116161 0.04607372136403498 0.03728463665468551 3.912303535465857 3.8540826809503503 
1.8903604459552525e-08 0.011894926540493955 0.016283072398112886 0.009495334880664785 2.7403072568876325 4.135946223508921 
0.024796633313707517 3.715807368465107e-07 3.579759400018645e-07 0.01655999487100379 4.647426581438836 3.786367285981825 
0.0 0.0 0.0 0.0 0.0 0.0 
0.02895458740850465 7.484001454116651e-07 7.913236057532913e-07 0.012606165457828666 3.358478478539295 3.0389140214748025 
0.11554251134628535 -0.0009262287245164202 -7.283063041541027e-13 0.054191799071132696 2.481107799207564 6.233324652399638 
-1.3971690249192648e-07 0.04847483312134937 0.05469480923488357 0.022290949704964813 4.577007432645474 5.657639563916325 
3.9571945720240365e-10 0.006531049913050868 0.009956409996898952 0.006165259330052741 4.621566688051477 3.787018525671064 
0.0 0.0 0.0 0.0 0.0 0.0 
-1.5110974693754997e-09 0.015158966892513615 0.01575249495954978 0.008561794389584154 4.589020995418476 3.7879973325160385 
0.0010659612798011864 0.030227795437184568 0.0009991125737411899 0.020362107216925995 5.76882637937543 5.668470113768035 
0.0038324875605271203 0.08998575183685409 0.003817364565017467 0.05661227310693162 7.709589936292014 6.932501563331999 
0.0021951108313986722 0.030848019139879668 0.0020818446301289484 0.02043716289832398 6.971625010310468 5.755537501318779 
0.0 0.0 0.0 0.0 0.0 0.0 
-0.008094503892413507 0.20000838999457926 0.2494803088750508 -0.14672600196247298 7.639723644927141 8.53848000000001 
0.13037518917625646 -3.0802868476359944 -0.03992748121566425 -0.8532584954873433 7.584000000000014 6.058756751517265 
-0.0013012948138529934 0.2852768834518362 0.2707896499908271 -0.11671555663004285 6.139956528067635 8.49024000000001 
-0.008441837194337276 0.48522515242247444 -1.271332157341424 -0.1533527255950572 8.750400000000013 7.029000000000013 
0.0 0.0 0.0 0.0 0.0 0.0 
0.00012689865933213085 0.006113338448184624 0.00673116005896679 0.00013350617930818487 4.625128320517651 4.69769725294497 
0.0003171435531088562 0.047709776683795724 0.04905311149122804 0.0002902532693966897 6.285629329860649 5.67234191121752 
0.00017820883672570176 0.011435556983287132 0.010573160857748842 0.00017486531571275776 4.228825231966101 1.8302970527388425 
0.03010338057528994 1.0506193248716045e-08 1.1618637163479661e-08 0.032169200640185025 2.5448432020534018 3.041107432089259 
0.0 0.0 0.0 0.0 0.0 0.0 
0.04391420728880524 1.702712104645343e-08 1.711911323809545e-08 0.03953244761234398 4.560442508335009 3.739220251013731 
0.11923268441534196 0.0 -0.015099918124317657 0.11301369677656892 2.9818737526359804 3.3507369370214084 
5.718405527677106e-05 0.04810540677365305 0.04595448425388193 5.7062946205554965e-05 4.61504387070696 2.319492920204347 
4.77313081872488e-05 0.006556117638816694 0.006782663020700852 4.595784178063056e-05 3.113479739480672 3.7543907863774537 
0.0 0.0 0.0 0.0 0.0 0.0 
0.00012216646831619826 0.01070066698626837 0.010117918142169557 0.00013266967013647601 4.274544008384538 3.084667058283726 
2.7671926972061556e-09 0.040144344387409436 0.04123421093345181 0.037768000278514346 3.1397676594661466 4.681805227691233 
2.4099700013380243e-10 0.10237129456164018 0.13078992143379375 0.13525639263096823 5.58849304229297 5.581253067337035 
2.1324275678580307e-09 0.03558479716654839 0.0334895987509265 0.04974395059411352 5.085200320403505 3.444381737867152 
0.0 0.0 0.0 0.0 0.0 0.0 
0.0 0.05993589926517506 0.05363997291917144 -0.1172714390887124 1.090800346884329 1.4780077125509568 
-0.6384096000003333 -5.293872552891609 -3.7745506027420106e-06 -0.5762585385448968 4.568183416351023 3.6756886322202287 
0.0 0.10080924318856344 0.055960264148319894 -0.06371157634895597 2.522039268336213 2.0358980539800076 
0.0 -0.060471357652718716 -0.012212156362468307 -0.06756624571652448 2.2936050599351807 0.8974842753332304 
0.0 0.0 0.0 0.0 0.0 0.0 
0.000995750137429141 0.004799548960937372 0.0033001706716797585 0.0010051020726660198 4.753865186663905 2.755052504687457 
0.0055270757013525795 0.03685632053780452 0.024725603114434058 0.005782285010751842 3.8265456769238586 4.72756159029813 
0.001619241518503678 0.008373443393066893 0.005675452059689778 0.0014760171495415975 2.2617208529794404 5.113205150326229 
0.04021023752607977 0.0 0.027289346944409765 0.048438628236215475 3.04562316229773 1.7101971638024196 
0.0 0.0 0.0 0.0 0.0 0.0 
0.04231068585350295 0.0 0.016016394847905513 0.040622721979318044 4.273609494273251 1.9713276928079289 
0.1312206056373153 -4.292588506871198e-11 0.05216084567543389 0.12232601509238794 6.04039057904922 5.538357105456673 
0.002562153677426071 0.03279300848886546 0.020526196160676413 0.0026639265424837077 5.709954152649539 5.730795595366283 
0.0005477297435816375 0.004336366770928635 0.0026924041965434853 0.0005105807054466283 3.746077383126849 3.0221790495985967 
0.0 0.0 0.0 0.0 0.0 0.0 
0.0009686718563917118 0.007626101826149867 0.005148466064886392 0.001015710960336147 4.621518906288977 5.209807014047079 
0.0039719580152990375 0.033680158483984535 0.02275908760603107 0.0038292487954780796 6.393446196646527 5.802814497784442 
0.008767938615588555 0.09609772183223386 0.056582749018777356 0.00919032880127002 5.665087877930398 5.666202042306552 
0.003134912954426472 0.03167445455278539 0.022748304624209403 0.003109144827240229 5.147271206049121 5.165300400176846 
0.0 0.0 0.0 0.0 0.0 0.0 
-0.0427790325093409 0.07409814009517213 0.024534597773008482 0.0 1.2394571874382798 0.4343771922046997 
-0.02010357944272556 0.0 -0.07673737893148758 -0.06842868917529188 0.026253956274070234 0.008534491924809817 
-0.07592491087393616 0.26320991432259966 0.15526187614142128 -0.0021396037700716075 6.71794136936491 6.751603728704258 
-0.6914504210106294 0.11003972129045314 -0.018984678623732543 0.0 3.38988985087696 2.6822260159768376 
0.0 0.0 0.0 0.0 0.0 0.0 
0.035390900797132474 3.552713678800501e-15 0.02186892768731097 0.029539655427440525 2.0103096771057167 3.320665082110171 
0.09832856015215441 -8.754762259588489e-07 0.1733234669777879 0.02867790477893717 6.007139511710858 4.884786352950679 
0.03821922655989818 0.0 0.046489625524857914 0.021930315633944986 2.4178831683749706 2.428930754620289 
0.00656177757654941 0.005821510201331037 3.737223175814819e-06 0.0038116578162190606 2.2736299386718866 2.4977188249140916 
0.0 0.0 0.0 0.0 0.0 0.0 
0.004582818160328905 0.006148419669914862 1.0423281306959353e-05 0.0038246514130961806 3.7903711630375128 2.030195490919059 
0.029345986281005487 0.026934227419134427 2.2908463854776073e-06 0.018663342320304643 4.60680316961903 3.7536091546204284 
0.0 0.037579576816985316 0.028442997099766387 -0.01066318101518915 1.5381788123261408 1.5266966675231988 
0.0 0.007780667247382134 0.00934624470318024 0.005524279352580486 1.606117911364061 1.832794506578793 
0.0 0.0 0.0 0.0 0.0 0.0 
0.0 0.012242429219181172 0.018853148847796763 0.0032833589609024827 1.6224997667861203 0.691033468359171 
0.014394373593009213 0.013888152559840439 3.274327475821792e-09 0.010502576970665256 3.3787226075310937 6.27989881834025 
0.04266812700450551 0.04145629718753341 4.645310092143973e-08 0.02345209326015185 4.1115206546990795 4.636787356770043 
0.015721640782878854 0.01399305638814985 9.727429439720936e-08 0.007025827110667571 4.179682753170983 6.318684641667361 
0.0 0.0 0.0 0.0 0.0 0.0 
-0.20335003952062355 0.0 -0.36232887901285915 -0.5379637575817242 1.4822466933595901 1.2688463193810104 
0.010525178532010848 0.02833284363354549 0.0 0.0047543240590095515 0.13223038845111468 0.22266237512380016 
0.0 -0.007576044462509646 -0.020225520162440225 -0.01848055224262568 0.026011858590489823 0.05690536914314315 
0.01079931272344603 0.014513299301105453 0.0 -0.009547249058586171 0.3232204064513997 0.18997743054601202 
0.0 0.0 0.0 0.0 0.0 0.0 
0.013504467995035796 3.2872815580731185e-11 0.007937575349560522 3.134958959094547e-11 2.2352964091879812 1.211586312659147 
0.07991665978616158 0.0 0.06590257013765788 -0.028228761836321503 3.012356566934752 3.623288246878973 
0.012519705603455389 3.552713678800501e-15 0.022014279069758835 3.552713678800501e-15 1.1894100840291042 2.7159348586082857 
0.00796682307894958 0.007538017956879806 7.357967706234092e-07 0.008343777010193065 2.744930352412789 4.621756040198697 
0.0 0.0 0.0 0.0 0.0 0.0 
0.0076362483072682785 0.010971547428560768 1.3657807191869153e-06 0.00685729723283357 3.172381690057069 3.788764664615292 
0.033654660496395206 0.04098825430722952 5.215099463384831e-10 0.03312323558047803 5.701482367759736 4.202102514624523 
0.025216047849982548 0.024191038864116 0.029655086266323405 0.0 1.1365878648848184 1.4165233914503617 
0.005629168402919937 0.01183424651938969 0.008718850540775591 0.0 2.4861328878505216 0.9767204556286995 
0.0 0.0 0.0 0.0 0.0 0.0 
0.01332731972919543 0.01613431061758197 0.009179576251310273 0.0 1.597046685426223 1.3546898465364503 
0.021051204236663512 0.016915684739882142 0.0 0.011936725579829499 3.093225306273423 5.650633353292838 
0.04686182065267008 0.04268939672718508 -1.199040866595169e-14 0.033046761485736376 3.0295627375124123 4.14439833341364 
0.018884777645009176 0.021306883741686544 -1.163513729807164e-13 0.017306877306318746 2.2663532249296523 3.4371790236276354 
0.0 0.0 0.0 0.0 0.0 0.0 
-0.20429888467402468 0.0 -0.0032280914293993934 -0.14718966326981686 0.20975003220500987 0.2797604882493552 
0.0030452171215582524 0.012833917463372924 0.0 0.012997429790656545 0.23499190710690776 0.2906292276447111 
-0.17360591416187732 -0.06355890902647854 -0.021759030066219376 0.0 0.41713950707893765 0.16831089985068992 
-0.04275587009765758 -0.006175910892178171 0.0 0.009430076188531089 0.2175714835100937 0.11243937758438527 
0.0 0.0 0.0 0.0 0.0 0.0 
0.010604491767594482 0.012205658102723227 0.011986643234862981 4.3517189851627336e-11 1.613379288915409 3.724760874574973 
0.058205275149612046 0.0523607977556968 0.024553911876776358 0.0 2.216575815186271 4.189014855963386 
0.012229012866578959 0.014992272046351118 0.016143026622247092 6.217248937900877e-15 2.5322423111453762 2.740239442140364 
0.014243462897712611 5.807755480979893e-07 5.825914546342403e-07 0.01684687432565468 2.7362853728936223 3.0065938209858825 
0.0 0.0 0.0 0.0 0.0 0.0 
0.010257790635264108 1.1577225444980854e-06 1.1685743395162262e-06 0.014842945850699785 2.5774327935576586 2.2364660200576374 
0.06822270323377078 1.7885959380237182e-10 1.7888535097654312e-10 0.03302953973106648 2.4722977489165388 3.7466666629254526 
0.027480188094657798 0.05487068065373135 0.030183022354139943 0.0 2.41425959633818 1.4263933235382815 
0.010710312205394423 0.01262605799619232 0.00848559215956568 0.0 2.4662103551068633 2.235919420334005 
0.0 0.0 0.0 0.0 0.0 0.0 
0.012878189181871669 0.007936800607422079 0.009395880868674933 0.0 1.0801421367137625 1.9735454869508278 
0.02200976483628514 0.01606036051163695 0.0 0.014873288745341107 1.8409600967748663 1.0984801347862216 
0.034356913823315516 0.08713424049067564 0.0 0.08034587201575816 2.1868574031785375 2.9802022019624577 
0.027046657778053707 0.0347464033312721 0.0 0.01644746829999999 3.778569188493069 2.529790924433664 
0.0 0.0 0.0 0.0 0.0 0.0 
-0.021668747595205318 -0.0240019996987344 0.002470396582762824 0.0 0.1905095381898434 0.3973843092208451 
-0.033416098614440726 -0.1270654608444846 0.0 0.016974633380622217 0.40568753560061843 0.23838772647807005 
-0.04739781265209575 -0.006486153344518852 0.006981433083743882 0.0 0.6138796217390272 0.2129185052019924 
-0.09763095180728854 -0.06484716100688637 0.0 -0.007655146508535826 0.44100759457922933 0.2604105585265728 
0.0 0.0 0.0 0.0 0.0 0.0 
0.00390656149582691 0.008610639965918487 0.006453700039018795 1.599285148756735e-10 4.644027542433482 3.791446506692391 
0.0343814771110762 0.03991352707302287 0.05664326567698108 -1.3016254740705335e-12 2.4990469251391403 2.45823061133334 
0.010639159150309219 0.014686756275086754 0.010145734928716177 3.8768988019910466e-13 2.202524160479536 2.45427922667629 
0.02699123334405895 2.980262343577067e-07 2.77517680835615e-07 0.023430546832148735 4.601223832196032 3.4264986347385076 
0.0 0.0 0.0 0.0 0.0 0.0 
0.026174946160737456 8.604121153332756e-07 7.75151190790524e-07 0.02253217274756114 3.1759744839132953 2.7775520703026455 
0.11221474640130458 -2.97983859809392e-13 -0.0001352757567203433 0.08632709589333176 3.3267522946454218 4.07951018620536 
0.04621861359076851 0.033841837176782796 0.039586057509059636 -1.5720758028692217e-13 2.429989525565272 4.205107777271448 
0.007616709801718358 0.008601845269573083 0.008423290598456923 -1.2034817586936697e-13 5.111633671333402 1.8022746416933604 
0.0 0.0 0.0 0.0 0.0 0.0 
0.007491666764966709 0.01118933344906381 0.011835252020590659 -5.475619957451272e-13 2.2207648647251563 2.733738421774884 
0.0 0.015854903274766574 0.019366234483289002 0.017686420480876652 0.6325260245319839 1.9673060401634643 
0.0 0.0547809746868948 0.05607655498879893 0.0653137273385469 0.6187141008348114 1.4173459638883994 
0.0 0.035534069081018416 0.03756414970693944 0.03478393793899981 1.978701312036872 2.244840756350346 
0.0 0.0 0.0 0.0 0.0 0.0 
0.007630228436248165 0.011582428161045932 -0.008841620792774174 0.0 0.6069899322301655 0.8388190053104712 
0.0014501085250038237 -0.009747361396835963 0.0 0.0008812569806576631 0.1181935607957918 0.05169603478943685 
0.013643710727244907 0.006192950772337724 -0.00774406911571579 0.0 0.3578047499383068 0.5489484900057047 
0.0 -0.00792147356736611 -0.20378074631043291 -0.008030462575871755 0.02016636490523993 0.04220942496261415 
0.0 0.0 0.0 0.0 0.0 0.0 
0.00534666153015273 0.005235351357415041 0.003888914054260617 7.048995411373937e-06 4.700425605301466 3.7686552090934615 
0.04069361198026078 0.05048789714266544 0.029187081628118783 1.545010074233133e-05 3.5681924691387996 4.152411553773625 
0.009822522407182621 0.010104991270557306 0.006818423492542358 2.2044279970323544e-06 3.371629293243121 6.286815650946579 
0.028364007754168696 -3.552713678800501e-15 0.02604349859060795 0.0370570478291139 5.084267056056449 4.177044936351657 
0.0 0.0 0.0 0.0 0.0 0.0 
0.04806477455077918 9.336531547887716e-12 0.01952231937610094 0.03379265522617336 3.7537640490028625 3.022527541475334 
0.13136513711695752 -1.3936980014506162e-08 0.06163207161154993 0.12704719821911192 3.3311422985150037 5.015868292993725 
0.04006278714598688 0.049719703760338074 0.024109801089870153 6.713550195769358e-07 4.146817988720127 4.673853433815135 
0.006197817486813584 0.005333359727910825 0.0035416286125289353 3.3016416081110833e-06 4.684856926693881 4.600260325624113 
0.0 0.0 0.0 0.0 0.0 0.0 
0.008601063532544195 0.00988396286008264 0.006026598311212883 2.4757311951617567e-06 2.0468688070282575 2.0983481215907247 
0.0005789625101231266 0.050469133370648844 0.03206690429813719 0.0006133069144578229 6.446902771601724 4.157279532750612 
0.0017421633285192861 0.10909949823154008 0.08086855654360425 0.001881077854522406 5.634716491952418 7.64208957045727 
0.0005732585193829465 0.048431064828710735 0.029801821256970396 0.0005363630584116486 7.044817634856447 4.128927846062883 
0.0 0.0 0.0 0.0 0.0 0.0 
0.22496414939472742 0.2775901368497813 0.004797521432071905 -0.004191009485764452 8.057185694386314 6.540135218232094 
-0.0323223163039813 0.0 -0.04186798101756839 -0.005725542592688537 0.07429418274580168 0.1266942401181117 
0.3068519267624079 0.26045233664630807 0.021256839657026294 -0.007164779886311257 7.216338739969814 7.24041905551479 
-2.657862520755896 0.15981210540613378 -0.8665258169419038 -0.04996265636864994 7.584000000000014 5.992224784306471 
0.0 0.0 0.0 0.0 0.0 0.0 
0.027982458315078507 1.6753020736892665e-05 0.016566330026966725 0.01648806218343557 6.997418279998797 4.7934259722933685 
0.19174268841575026 -0.00015611395403825057 0.07713504006552352 0.10204195911880687 6.846068458848393 6.181988735791781 
0.0419918745593546 1.3001241467414104e-05 0.03264159949051981 0.03220741951245021 6.326766497928804 5.640243147671583 
0.004098815140984424 0.00014939871894625867 0.0026980516828771783 0.002508543181126477 5.67845253080918 2.480423937499845 
0.0 0.0 0.0 0.0 0.0 0.0 
0.004163089733992376 0.00013338765520343188 0.0025038417022660298 0.0024943731597812935 2.242745838218598 2.148008333797101 
0.018556550279604345 0.00020576347741929624 0.010505687006051811 0.010991522243528618 3.1042544518423068 5.151145789593061 
0.0 0.018243752526095225 -0.014087263525209393 -0.040136007981687705 2.2727563945267715 1.8213342924382658 
0.0 0.009393783238404563 0.01307418140444172 0.006195909548666556 0.8445384441391077 0.7642351009705557 
0.0 0.0 0.0 0.0 0.0 0.0 
0.0 0.009986962166988356 0.00861533182392904 0.009434431244565111 1.0502499145297097 0.4220557094863988 
0.011056707351943196 7.334776987999447e-06 0.006686203551895087 0.006086112151643341 3.7195418493740373 4.154599811297159 
0.02847715366576553 7.625343345951663e-05 0.018509002273612296 0.018861006470186403 3.8007265998917292 6.394991074980958 
0.009486738973704778 1.6675476050664884e-05 0.005735179426453296 0.0067181395306139535 4.602407387422844 6.284334656217348 
0.0 0.0 0.0 0.0 0.0 0.0 
-0.017026226764296437 0.0 -0.37486097563284354 -0.28381613420780255 0.8201077720049117 2.072098700861572 
0.040407725682096274 0.0 0.009135496538778654 0.008291835342076226 0.9161940357422296 1.8850908419090313 
0.0 -0.020123054118093897 -0.006834839664111136 -0.050616621976091736 0.03379259931627265 0.029935804946760403 
0.06532622252844034 0.0 -0.007783329198454814 -0.011048678706471637 1.1980658810879632 1.6664967753693567 
0.0 0.0 0.0 0.0 0.0 0.0 
0.018788786889289533 2.977487141286872e-07 0.017225686496217474 0.009448395700694778 6.323694247547458 5.111274931545596 
0.12853180313732615 -2.5905457334829407e-08 0.11546029495968746 0.08069685079282607 5.636387637145395 5.673582929684554 
0.019653587231463376 1.1267717647811537e-07 0.025349107778308344 0.014936304911666642 5.722184662327685 4.229885522081948 
0.008010594461794085 0.0012685989019223243 0.001149233361314561 0.0050745188582626 4.6230934536233885 5.864770878175589 
0.0 0.0 0.0 0.0 0.0 0.0 
0.007323340366919506 0.0011972916188689453 0.0012883413228355067 0.00519961366761823 5.168613769104784 4.129617399322349 
0.03291143086520254 0.002538551450586901 0.002710351292154911 0.020415868039304286 5.721001110602458 3.794334933930563 
0.08872658977705328 -9.278182977467964e-07 0.0863159785874501 0.024995744618101945 5.05386064370366 4.640245428323211 
0.013403430388216009 4.718628954236692e-08 0.018352021326719203 0.011712294986697902 3.8083081296026613 4.188686111927247 
0.0 0.0 0.0 0.0 0.0 0.0 
0.023805726880812283 -2.016912370450541e-08 0.021653944156646787 0.01646814019254439 3.4674311090958536 3.751600905156266 
0.019067749931075184 0.0010729391870527571 0.0010361803467615616 0.011838685836566665 3.0349255217511466 4.601321684520511 
0.057434831462467084 0.005027022816386673 0.005220129649126104 0.03587048157349937 7.02766978521 5.208013659009114 
0.019818211266943386 0.001855980006499447 0.0020466363629587647 0.013258327177498863 3.8047194484904905 4.801556167750764 
0.0 0.0 0.0 0.0 0.0 0.0 
0.3696014436305579 -0.11858672290313232 0.32994217821701866 -0.33791671911221144 6.985984801125535 6.99877242390578 
0.6461727691856953 0.0001185813546602521 -0.0006390770097730591 0.38979848082273416 7.252957029777929 8.932861121716234 
0.20377917612204532 -0.09062526222116979 0.23507345824549852 -0.3943840503477227 6.2868373483247275 5.484226859030099 
0.6043318860142921 -0.031239593558202827 -0.4478196896156492 0.2203149525868069 8.49024000000001 6.17582664177983 
0.0 0.0 0.0 0.0 0.0 0.0 
0.012227905835113795 0.0009169441504033315 0.007479689263762079 0.0009798081356877653 3.422127447806332 2.5130598954663714 
0.08150841107948636 0.0020843788780053885 0.0512903395583022 0.001886882142742241 5.617895866236893 5.07596436423732 
0.01903379052683496 0.000872235503666996 0.011780304359449545 0.0008613318766790279 5.21396598769322 5.130688014631462 
0.009397117755273854 6.041174613002909e-06 0.0067740598986243405 0.010092376637095946 6.399594100580064 3.7718029420835206 
0.0 0.0 0.0 0.0 0.0 0.0 
0.00908659833609926 1.2210229122899818e-05 0.0067415819519482945 0.010761102044656745 5.128997453383451 3.5260902805424044 
0.038306976052504105 1.179950451568601e-06 0.028997725972307542 0.04974402229166763 3.3920879042005527 6.277208393198636 
0.079548766340646 0.0011286417886013922 0.05092439907560031 0.0010426035294859304 5.676359680428363 5.066529588526155 
0.011469291411619231 0.0009522352097857123 0.007564216516951827 0.0009459205462363229 5.173131647209807 4.19418538076731 
0.0 0.0 0.0 0.0 0.0 0.0 
0.018397536032485284 0.0004800183266175928 0.011921660422597569 0.00045331600865594623 3.837026493286473 6.320821572561634 
0.026910416896470224 1.6688374326889743e-07 0.016609463612071718 0.031050153074003273 4.752542563488099 4.59241776167738 
0.08685017242300974 4.4687066269588627e-07 0.04626338397761387 0.08128801786575135 5.0603934839371565 5.729240148413041 
0.02742119325394743 7.382147169110453e-07 0.015124414073888204 0.02640548192399983 3.726445252405173 3.876580564877597 
0.0 0.0 0.0 0.0 0.0 0.0 
0.6605373807468404 -0.010980961204023032 0.2512473116661853 -0.45409977572577076 6.860115491879107 7.691942301300875 
0.46112627661890593 -0.025707019112947482 0.0882568668983934 0.5668618737641045 7.635910037308784 8.49024000000001 
0.5614544241322901 -0.031415148897130485 0.16378244492698824 -0.4795532602432111 6.844631001403049 7.671573356227881 
0.35907078741841425 -0.04475021075264379 -0.3374715471791514 0.3307577026030346 7.01827574249257 6.229860706085773 
0.0 0.0 0.0 0.0 0.0 0.0 
0.006175874856262364 9.284673958553924e-07 0.004709410053549412 0.0031694083347804103 2.8144806491863203 3.0563306985402683 
0.048550359416447364 8.409735885450687e-07 0.048742747465172265 0.032378159702521 5.732849733492099 4.194133831898167 
0.008907614826525023 2.843626081272532e-07 0.011034523653560502 0.00613786969039376 5.15942820212168 5.687921673686931 
0.019654680366490318 0.0016317727504011614 0.0015772532666464834 0.011737196192575183 5.6849316990786365 4.326470449764633 
0.0 0.0 0.0 0.0 0.0 0.0 
0.021547317191635607 0.0031327621465164768 0.0034705940222541365 0.014682721862026238 5.198185907653133 5.863554505751979 
0.09260998528880648 0.006883020190986855 0.006196920185216559 0.057502137905592665 4.629723329685614 7.74918451458088 
0.04421690388960586 -8.63199787204394e-08 0.039216271834678906 0.0235012938251149 3.007639875722898 4.223699904878609 
0.005935224313090348 8.265157585007898e-07 0.006427102003423446 0.0038137961921229646 2.6430610205616922 5.093025198479193 
0.0 0.0 0.0 0.0 0.0 0.0 
0.008729665512648754 8.505282078630216e-08 0.007182665930891119 0.00619183327372852 3.4543999207350975 4.811035068334036 
0.0 0.016011805341108243 0.029091227986338453 0.017305511606156898 1.9561266176312202 1.435122277116923 
0.0 0.05909341068341201 0.0876945024756779 0.015543952937452588 2.606418110423977 1.8881501342104006 
0.0 0.05054473735993925 0.021402702747027824 0.012132614105148765 0.618901835782733 1.437632474663534 
0.0 0.0 0.0 0.0 0.0 0.0 
0.03447520556910044 0.0 0.020946098420468573 -0.006591102666584581 1.2129139203179253 0.9743652066982431 
0.12305800028496416 0.0 -0.2747458735127791 -0.03566938738142955 1.459319564989137 0.8603045252861836 
0.06455699948896187 0.0 0.08872639578881314 -0.0018959318100777445 0.5783258947100336 2.801817077626019 
0.0 -0.02007852449468217 -0.10170004502220831 -0.02417071459700182 0.003225475515061138 0.011128970205134259 
0.0 0.0 0.0 0.0 0.0 0.0 
0.004284763677156356 0.0005524099473941391 0.002998413699725866 0.0005249420528841142 2.044025280022016 4.215464696770746 
0.032007814997903505 0.0031382838350109132 0.020588228484346605 0.003048363202261317 7.029805423888956 5.280346913380722 
0.007261744173811202 0.0005707562823977774 0.004288886247233226 0.0005710538329033454 2.2107194334540665 5.705689009497142 
0.019831701369883437 2.1337239397567487e-07 0.01859396418196413 0.027448254445421316 3.4371979991081467 3.0946555043782418 
0.0 0.0 0.0 0.0 0.0 0.0 
0.029702756956692777 2.1524973392583746e-05 0.018614800538581555 0.028892366782526047 3.860129381541001 4.143784181848402 
0.09143683369656763 -9.186257998727854e-07 0.05910697142181842 0.1099280473492028 6.900853630159295 3.69839889989385 
0.0322533824276916 0.0020764352293016763 0.020750802307562655 0.0022427288925483957 5.231284220405575 7.0131124447680095 
0.004554315979671042 0.0008082872128598595 0.00321677867230008 0.0008388483691974535 2.7634172468682277 3.5528729344369863 
0.0 0.0 0.0 0.0 0.0 0.0 
0.006252919646612121 0.00042275305727379475 0.004696164030190353 0.0004331883931998348 2.2334597564486707 3.3826719802168714 
3.5662631332478156e-06 0.08508847815252629 0.05064292653258473 1.3116650601219249e-05 4.165781593953002 6.252903836934872 
-0.00014680967469349326 0.18901423966498543 0.12785652703678085 7.116779561222586e-06 5.567144326169252 4.509611707464347 
1.7727565735370376e-05 0.0574704928267491 0.05140765097187572 2.141117230580747e-05 5.652012923836764 8.548228243882281 
0.0 0.0 0.0 0.0 0.0 0.0 
0.326189267842099 -0.07115906947717798 0.17531538975175498 -0.005065685591928881 6.736676972221014 6.112614270168068 
-0.017159889759696845 -0.0008046091156557189 -0.6742372181492566 0.025723760222488123 5.261454159324779 4.7026480631432275 
0.35819297972200115 -0.04520340249214683 0.19887322794210016 -0.013635406901794767 6.8219882864138 7.453866105890773 
-5.381318675482192 -0.709689599999993 -2.7366335999999887 -0.027328719934397228 4.734000000000012 3.4074952084441055 
0.0 0.0 0.0 0.0 0.0 0.0 
0.011908930106067306 0.0011424497425789326 0.012875226886044366 0.011640247073721799 3.864875580903795 6.3815949370303215 
0.08937828745447263 0.00030385256815046446 0.08926843012233165 0.08896925934939093 6.414166636229961 5.6928735661583785 
0.020634634344823155 0.0020218178107853646 0.020797003952526705 0.020293203305037366 7.741837758863762 5.7662065234595365 
0.0022229623466549775 0.0007459753215162124 0.002246801906399032 0.0021907616404104324 5.120835304995688 3.7674620837252526 
0.0 0.0 0.0 0.0 0.0 0.0 
0.0022956599302865754 0.0007750124222765109 0.0021999225864126615 0.002219246342885395 3.0555699259373004 2.0295603780197844 
0.008994120360890978 0.002199027087899541 0.008850397631877005 0.0090553477400106 3.4233418197669927 3.4002718792065103 
-0.03570972629034941 0.10300104417827516 -0.04988998228002228 -0.041356214674470815 0.0 0.6603257215616924 
0.022013349024744056 0.018105154132929346 0.009695607583013022 0.0050255766866214024 0.0 2.9856522587536585 
0.0 0.0 0.0 0.0 0.0 0.0 
0.00843500918851614 0.02501264274268067 0.006186505695047639 0.0030344397260293476 0.0 1.0293559942885064 
0.004379981036108926 0.0002352580238156321 0.004218542166716244 0.004285530791807712 2.0310250132445233 2.7663386957272333 
0.011783494229179237 0.0008696610724223675 0.010730170346942014 0.010512733767817029 3.901551734542049 4.165569273369351 
0.004398635071548362 0.0004392563537964911 0.004266494079842698 0.004714875508171623 3.7486721563549077 3.413416862553108 
0.0 0.0 0.0 0.0 0.0 0.0 
-0.05212638769989675 0.0 -0.2006911352620817 -0.13180022976190975 1.2992031732019758 0.010421683298234452 
0.010553226677331384 0.0 0.012452295365465993 0.018352938152164988 1.1683566727672279 0.018037847934488482 
-0.2638139518949405 -0.30640707279868895 -0.18232364913044563 -0.030156568700084208 -0.047997691060237546 0.0 
0.009739339355584242 0.0 0.0030452966151188754 0.005183317409901633 2.1098202070172682 0.05120738375760858 
0.0 0.0 0.0 0.0 0.0 0.0 
0.0067622055777469825 0.0002335921905949334 0.011101871870180524 0.00666423737010069 5.139232497597882 3.0646287949436086 
0.051429778718222074 0.000626547588137516 0.07850544333427534 0.05083762597209951 5.140856605635352 5.156000222923714 
0.012005148219995654 0.00025614203744117603 0.01806968017071675 0.011741504884744458 4.636671257094784 4.162023956541393 
0.005222884309207032 0.0025925849009489355 0.0025444925735675916 0.005222954730766727 5.728193333139863 5.6769557820036285 
0.0 0.0 0.0 0.0 0.0 0.0 
0.00519173484528368 0.00251141605723193 0.0026909893375242078 0.004926652236780349 3.0551970433295637 2.7509616442119587 
0.020104695223539526 0.008669660524130762 0.009334160336988084 0.019769990919904945 4.274014481015567 4.635589477598216 
0.04674549129537464 0.0001267660855988062 0.07931717543702099 0.04630207992731261 8.536770662400011 6.2559727642790515 
0.006773762442311426 0.00015339094164934508 0.011221020705974194 0.006672780437175341 5.703318304713237 3.493795183325325 
0.0 0.0 0.0 0.0 0.0 0.0 
0.010697099572624325 5.040895578689586e-05 0.017389723798701517 0.010536264771661585 4.194925707090598 3.380889015844593 
0.009835223931139225 0.0032893967023723825 0.0033834318443561884 0.009982927709360379 5.190772290777918 4.3017880510187645 
0.0326751303883257 0.01545854556992321 0.015833168777153794 0.03449220665623143 4.165253585221585 4.743824820119032 
0.013461415978164748 0.006609647408467811 0.006822490345728571 0.014283923541713595 4.815834504104768 2.285665371089447 
0.0 0.0 0.0 0.0 0.0 0.0 
0.36278387332038764 -0.3735524933343437 0.7694559326526533 0.36192328088778747 8.49024000000001 7.630846892632875 
0.6830674877123262 0.4175117194218747 0.4286935143450168 0.6856961837384903 9.167822299582788 9.16208640000001 
0.20189003907700953 -0.44066094302192194 0.6020233369417975 0.1992070191995381 8.49024000000001 8.49024000000001 
0.6711513116661847 0.23808311441420016 0.2330640617535673 0.6711513116661847 7.3540349913770395 8.13214598400001 
0.0 0.0 0.0 0.0 0.0 0.0 
0.006738923703554445 0.002582512410494786 0.006644587006190861 0.002498564462456443 3.739488472806763 5.160029014725658 
0.0481873215798454 0.015496779124068105 0.046529515012896816 0.01500582122978722 5.686551500320577 7.743895022898842 
0.010526602272677543 0.004107470654834078 0.01072629927826041 0.003942278490235651 2.8293477865681833 4.136681628899453 
0.004205468884603825 0.00032329384027374175 0.004297025145175937 0.0067577656600756875 3.7875340397345383 3.5232583703207645 
0.0 0.0 0.0 0.0 0.0 0.0 
0.004727862737880617 0.00048196975703440614 0.004686023219743429 0.007134936912878587 2.739533008878041 2.828576357374267 
0.01680812698120615 0.0002867114686404548 0.018510895664014093 0.030339662856299743 6.333397795185676 6.31275865184919 
0.04354964916078341 0.012358647671287137 0.04266088266925783 0.011701293519242206 4.764128503323354 4.725399795412285 
0.007365511406821845 0.0034247210564952724 0.007790632624330218 0.0031683575227745564 6.41196112734587 1.838471792794337 
0.0 0.0 0.0 0.0 0.0 0.0 
0.009980916073566437 0.002520595880362464 0.009699004627414354 0.0026695339869111656 3.1655400625014654 4.744692956895049 
0.010687390453511192 0.00019967784844165948 0.010809406546935296 0.017435647563895262 5.122393730906395 2.4847417563964953 
0.0328723375578579 0.000722200672297113 0.029058190522226468 0.04879103008230423 5.157093077467248 5.252579799738711 
0.011789761512096764 0.0006325469847361376 0.011729022948294698 0.018945577307468042 5.722332650308512 3.123386578763075 
0.0 0.0 0.0 0.0 0.0 0.0 
0.6756163288909032 0.2456795617299261 0.7382658412843814 0.31187475376724993 7.330492746458756 8.95285440000001 
0.43371235652232776 0.042698182121639894 0.43110159080341437 0.7096059256451022 8.031092741121897 8.022453849425224 
0.5752020224308034 0.17658730035574988 0.6195048788349051 0.15411762452674882 8.066039250427682 8.95285440000001 
0.3060644362024716 -0.41947663266653223 0.25428302622174415 0.7166870299995691 8.504898412101326 8.508753432270408 
0.0 0.0 0.0 0.0 0.0 0.0 
0.0028114237273357823 0.00026345491735479953 0.004087661061820125 0.002696636712400391 4.234794867965444 2.4807136359755457 
0.01855819864107744 0.0006406720227309926 0.03153259144924281 0.01872733400380433 4.593154739833138 6.965634021737946 
0.004246762403587567 7.519082493168128e-05 0.0068531414610575325 0.004312242466776084 5.219284138266917 4.611913015930027 
0.00993817982423817 0.003982566214000727 0.0038285184197626165 0.010603981159222453 3.398532003391919 5.6890054870041205 
0.0 0.0 0.0 0.0 0.0 0.0 
0.01343525319858152 0.006717457907550184 0.007044577988786216 0.013404301031024524 7.747471166104964 3.7897691093599324 
0.04725324281004495 0.017683910985600182 0.01648352481971216 0.04711802287180911 5.688623458384951 5.159450998547368 
0.01896461232428104 0.00026459539378720365 0.030746664653243272 0.0186448785865152 5.323828306566435 4.711917786496411 
0.0024309479358231023 0.00012077649972619398 0.004088847328334477 0.002442141947042842 1.8124540256984556 2.842061462473911 
0.0 0.0 0.0 0.0 0.0 0.0 
0.0038984889872533124 7.567492399962461e-05 0.006269349666510937 0.004213992201219874 5.187282314416093 3.8165776713183224 
0.013309630005161388 0.008554768689367886 0.015454538338223411 0.009740486354164801 0.0 0.5482860678881103 
0.016254503063531933 0.10025674504511661 0.09869899519096359 0.010341960616343515 0.0 2.512593984625301 
0.01330098611478947 0.035156092154345675 0.06441273981882745 0.007625835409383885 0.0 0.8388547893290532 
0.0 0.0 0.0 0.0 0.0 0.0 
0.007261580277227342 0.0 0.07779404792054034 0.002946991567029489 3.943856922791091 0.02350579542473863 
0.0019777158072000756 0.0 -0.4138670257063757 0.009196693646507992 1.2726805720500725 0.16661299388895112 
0.014605733766072326 0.0 0.11238364028364467 0.01172595241010832 0.5358428755152271 0.019396459125452292 
-0.11967206670123787 -0.019820084920237235 -0.5168676421127092 -0.0706379065371614 -0.04456918551604794 0.0 
0.0 0.0 0.0 0.0 0.0 0.0 
0.002811000081530679 0.0013844589202305357 0.0030180007636100292 0.0014343131458325331 4.1705011050929865 3.0678790856193316 
0.020370600414942874 0.009059328984669435 0.019996208286356065 0.008267921124387012 4.172253592531236 5.708596327216547 
0.004144946884518941 0.0018870180760313104 0.004205386014040524 0.0017119729553813912 3.0346334214154087 4.166177097581648 
0.011049545851556708 9.56100752627087e-05 0.010602162332039367 0.01680558571881141 4.256280644946147 3.387179346634035 
0.0 0.0 0.0 0.0 0.0 0.0 
0.011704641289255413 0.0008907397931250394 0.011852519414444096 0.01649693789093254 3.5566279561605754 5.694355019094707 
0.05187927213992438 0.0006896383121315353 0.051325294300383906 0.07697520800619495 3.396432178411553 4.5998308180292335 
0.016969308090328372 0.0060152694609865165 0.016792781147415337 0.005452985397428556 4.193537552115955 4.616062792030313 
0.0030153574379019332 0.0014848635687516598 0.002982757733004604 0.0014056062178537942 2.264482086272599 5.148063157357975 
0.0 0.0 0.0 0.0 0.0 0.0 
0.0038860798875091085 0.0013854289134047626 0.0038112570477464303 0.0014310533894210664 2.5499175410075274 2.2499490994534472 
0.047821490843280134 0.09530609875036644 0.049635826107410796 -0.00019439402659227056 7.70605292695021 7.634652415737007 
0.13194937830015308 0.2931734614809616 0.11793439219589219 -0.0007801133077200983 6.714396524585571 6.71266833892415 
0.051645285443468136 0.0993695185183765 0.051155807265605535 -0.00016084154405460183 6.8987020300529425 6.270182533394013 
0.0 0.0 0.0 0.0 0.0 0.0 
0.1881961733739974 0.045836692233454546 0.18911059414444198 0.041759193328404276 6.907392544714348 7.587325160969409 
-0.33424046056823276 -0.23939226830459426 -0.3200805583762809 0.3581696603903568 6.235793717997924 3.817961334318892 
0.2086324458818858 0.06826671203376167 0.2066591350542586 0.06607085954949143 6.847970888149847 5.231633369677925 
-4.986623497719406 -2.555999999999989 -5.795999999999985 -0.14960032641330123 2.1061778389991637 2.1368313245178063 
