0.0 0.0 0.0 0.0 0.0 0.0 
-2.4183706624000045 -2.3639511040000043 -2.4183706624000045 -2.3639511040000043 -2.273251840000004 -11.363951104000009 
-1.870144000000003 -1.4502400000000035 -1.870144000000003 -1.4502400000000035 -0.7504000000000046 -10.450240000000012 
-2.3639511040000043 -2.273251840000004 -2.3639511040000043 -2.273251840000004 -2.1220864000000033 -11.273251840000011 
-2.4961915016249394 -2.497714900974965 -2.4961915016249394 -2.497714900974965 -11.497714900974973 -11.497714900974973 
0.0 0.0 0.0 0.0 0.0 0.0 
-2.4961915016249394 -2.497714900974965 -2.4961915016249394 -2.497714900974965 -11.497714900974973 -11.497714900974973 
-2.482368063078405 -2.489420837847045 -2.482368063078405 -2.489420837847045 -11.48942083784705 -11.48942083784705 
-2.273251840000004 -2.3639511040000043 -2.4183706624000045 -2.3639511040000043 -11.363951104000009 -11.363951104000009 
-2.470613438464005 -2.482368063078405 -2.489420837847045 -2.482368063078405 -11.482368063078411 -11.482368063078411 
0.0 0.0 0.0 0.0 0.0 0.0 
-2.4510223974400045 -2.470613438464005 -2.482368063078405 -2.470613438464005 -11.47061343846401 -11.47061343846401 
-2.489420837847045 -2.493652502708229 -2.489420837847045 -2.493652502708229 -11.493652502708233 -11.493652502708233 
-2.470613438464005 -2.482368063078405 -2.470613438464005 -2.482368063078405 -11.482368063078411 -11.482368063078411 
-2.489420837847045 -2.493652502708229 -2.489420837847045 -2.493652502708229 -11.493652502708233 -11.493652502708233 
0.0 0.0 0.0 0.0 0.0 0.0 
5.599999999999985 10.999999999999982 5.599999999999985 10.999999999999982 1.9999999999999902 19.999999999999986 
-2.1220864000000033 -2.273251840000004 -2.1220864000000033 -2.273251840000004 -11.273251840000011 -2.3639511040000043 
0.41599999999999304 -0.7504000000000046 -1.4502400000000035 -0.7504000000000046 -9.750400000000013 -1.4502400000000035 
-1.870144000000003 -2.1220864000000033 -1.870144000000003 -2.1220864000000033 -11.122086400000011 -2.273251840000004 
0.0 0.0 0.0 0.0 0.0 0.0 
-2.4510223974400045 -2.4183706624000045 -2.4183706624000045 -2.3639511040000043 -11.418370662400012 -11.418370662400012 
-2.1220864000000033 -1.870144000000003 -1.870144000000003 -1.4502400000000035 -10.87014400000001 -10.87014400000001 
-2.4183706624000045 -2.3639511040000043 -2.3639511040000043 -2.273251840000004 -11.363951104000009 -11.363951104000009 
-2.493652502708229 -2.4961915016249394 -2.4961915016249394 -2.497714900974965 -11.496191501624946 -11.496191501624946 
0.0 0.0 0.0 0.0 0.0 0.0 
-2.493652502708229 -2.4961915016249394 -2.4961915016249394 -2.497714900974965 -11.496191501624946 -11.496191501624946 
-2.470613438464005 -2.482368063078405 -2.482368063078405 -2.489420837847045 -11.482368063078411 -11.482368063078411 
-2.3639511040000043 -2.4183706624000045 -2.4183706624000045 -2.3639511040000043 -11.418370662400012 -11.418370662400012 
-2.482368063078405 -2.489420837847045 -2.489420837847045 -2.482368063078405 -11.48942083784705 -11.48942083784705 
0.0 0.0 0.0 0.0 0.0 0.0 
-2.470613438464005 -2.482368063078405 -2.482368063078405 -2.470613438464005 -11.482368063078411 -11.482368063078411 
-2.482368063078405 -2.489420837847045 -2.489420837847045 -2.493652502708229 -11.48942083784705 -11.48942083784705 
-2.4510223974400045 -2.470613438464005 -2.470613438464005 -2.482368063078405 -11.47061343846401 -11.47061343846401 
-2.482368063078405 -2.489420837847045 -2.489420837847045 -2.493652502708229 -11.48942083784705 -11.48942083784705 
0.0 0.0 0.0 0.0 0.0 0.0 
2.3599999999999888 5.599999999999985 5.599999999999985 10.999999999999982 -3.400000000000013 -3.400000000000013 
-1.870144000000003 -2.1220864000000033 -2.1220864000000033 -2.273251840000004 -11.122086400000011 -11.122086400000011 
-0.7504000000000046 -1.4502400000000035 -1.4502400000000035 -0.7504000000000046 -10.450240000000012 -10.450240000000012 
-1.4502400000000035 -1.870144000000003 -1.870144000000003 -2.1220864000000033 -10.87014400000001 -10.87014400000001 
0.0 0.0 0.0 0.0 0.0 0.0 
-2.489420837847045 -2.493652502708229 -2.4961915016249394 -2.493652502708229 -11.493652502708233 -11.493652502708233 
-2.4183706624000045 -2.4510223974400045 -2.470613438464005 -2.4510223974400045 -11.45102239744001 -11.45102239744001 
-2.482368063078405 -2.489420837847045 -2.493652502708229 -2.489420837847045 -11.48942083784705 -11.48942083784705 
-2.470613438464005 -2.4510223974400045 -2.4183706624000045 -2.4510223974400045 -11.45102239744001 -11.45102239744001 
0.0 0.0 0.0 0.0 0.0 0.0 
-2.470613438464005 -2.4510223974400045 -2.4183706624000045 -2.4510223974400045 -11.45102239744001 -11.45102239744001 
-2.3639511040000043 -2.273251840000004 -2.1220864000000033 -2.273251840000004 -11.273251840000011 -11.273251840000011 
-2.4183706624000045 -2.4510223974400045 -2.470613438464005 -2.4510223974400045 -11.45102239744001 -11.45102239744001 
-2.489420837847045 -2.493652502708229 -2.4961915016249394 -2.493652502708229 -11.493652502708233 -11.493652502708233 
0.0 0.0 0.0 0.0 0.0 0.0 
-2.482368063078405 -2.489420837847045 -2.493652502708229 -2.489420837847045 -11.48942083784705 -11.48942083784705 
-2.470613438464005 -2.482368063078405 -2.470613438464005 -2.482368063078405 -11.482368063078411 -11.482368063078411 
-2.4183706624000045 -2.4510223974400045 -2.4183706624000045 -2.4510223974400045 -11.45102239744001 -11.45102239744001 
-2.470613438464005 -2.482368063078405 -2.470613438464005 -2.482368063078405 -11.482368063078411 -11.482368063078411 
0.0 0.0 0.0 0.0 0.0 0.0 
-1.4502400000000035 -1.870144000000003 -2.1220864000000033 -1.870144000000003 -10.87014400000001 -10.87014400000001 
0.41599999999999304 2.3599999999999888 5.599999999999985 2.3599999999999888 -6.640000000000013 -6.640000000000013 
-1.4502400000000035 -1.870144000000003 -2.1220864000000033 -1.870144000000003 -10.87014400000001 -10.87014400000001 
-0.7504000000000046 -1.4502400000000035 -0.7504000000000046 -1.4502400000000035 -10.450240000000012 -10.450240000000012 
0.0 0.0 0.0 0.0 0.0 0.0 
-2.493652502708229 -2.4961915016249394 -2.497714900974965 -2.493652502708229 -11.496191501624946 -11.496191501624946 
-2.4510223974400045 -2.470613438464005 -2.482368063078405 -2.4510223974400045 -11.47061343846401 -11.47061343846401 
-2.489420837847045 -2.493652502708229 -2.4961915016249394 -2.489420837847045 -11.493652502708233 -11.493652502708233 
-2.4510223974400045 -2.4183706624000045 -2.3639511040000043 -2.4510223974400045 -11.418370662400012 -11.418370662400012 
0.0 0.0 0.0 0.0 0.0 0.0 
-2.4510223974400045 -2.4183706624000045 -2.3639511040000043 -2.4510223974400045 -11.418370662400012 -11.418370662400012 
-2.273251840000004 -2.1220864000000033 -1.870144000000003 -2.273251840000004 -11.122086400000011 -11.122086400000011 
-2.4510223974400045 -2.470613438464005 -2.482368063078405 -2.4510223974400045 -11.47061343846401 -11.47061343846401 
-2.493652502708229 -2.4961915016249394 -2.497714900974965 -2.493652502708229 -11.496191501624946 -11.496191501624946 
0.0 0.0 0.0 0.0 0.0 0.0 
-2.489420837847045 -2.493652502708229 -2.4961915016249394 -2.489420837847045 -11.493652502708233 -11.493652502708233 
-2.4510223974400045 -2.470613438464005 -2.482368063078405 -2.482368063078405 -11.47061343846401 -11.47061343846401 
-2.3639511040000043 -2.4183706624000045 -2.4510223974400045 -2.4510223974400045 -11.418370662400012 -11.418370662400012 
-2.4510223974400045 -2.470613438464005 -2.482368063078405 -2.482368063078405 -11.47061343846401 -11.47061343846401 
0.0 0.0 0.0 0.0 0.0 0.0 
-1.870144000000003 -2.1220864000000033 -2.273251840000004 -1.870144000000003 -11.122086400000011 -11.122086400000011 
2.3599999999999888 5.599999999999985 10.999999999999982 2.3599999999999888 -3.400000000000013 -3.400000000000013 
-1.870144000000003 -2.1220864000000033 -2.273251840000004 -1.870144000000003 -11.122086400000011 -11.122086400000011 
0.41599999999999304 -0.7504000000000046 -1.4502400000000035 -1.4502400000000035 -9.750400000000013 -9.750400000000013 
0.0 0.0 0.0 0.0 0.0 0.0 
-2.4961915016249394 -2.497714900974965 -2.497714900974965 -2.4961915016249394 -11.497714900974973 -11.497714900974973 
-2.470613438464005 -2.482368063078405 -2.482368063078405 -2.470613438464005 -11.482368063078411 -11.482368063078411 
-2.493652502708229 -2.4961915016249394 -2.4961915016249394 -2.493652502708229 -11.496191501624946 -11.496191501624946 
-2.4183706624000045 -2.3639511040000043 -2.3639511040000043 -2.4183706624000045 -2.273251840000004 -11.363951104000009 
0.0 0.0 0.0 0.0 0.0 0.0 
-2.4183706624000045 -2.3639511040000043 -2.3639511040000043 -2.4183706624000045 -2.273251840000004 -11.363951104000009 
-2.1220864000000033 -1.870144000000003 -1.870144000000003 -2.1220864000000033 -1.4502400000000035 -10.87014400000001 
-2.470613438464005 -2.482368063078405 -2.482368063078405 -2.470613438464005 -11.482368063078411 -11.482368063078411 
-2.4961915016249394 -2.497714900974965 -2.497714900974965 -2.4961915016249394 -11.497714900974973 -11.497714900974973 
0.0 0.0 0.0 0.0 0.0 0.0 
-2.493652502708229 -2.4961915016249394 -2.4961915016249394 -2.493652502708229 -11.496191501624946 -11.496191501624946 
-2.470613438464005 -2.482368063078405 -2.482368063078405 -2.470613438464005 -11.482368063078411 -11.482368063078411 
-2.4183706624000045 -2.4510223974400045 -2.4510223974400045 -2.4183706624000045 -11.45102239744001 -11.45102239744001 
-2.470613438464005 -2.482368063078405 -2.482368063078405 -2.470613438464005 -11.482368063078411 -11.482368063078411 
0.0 0.0 0.0 0.0 0.0 0.0 
-2.1220864000000033 -2.273251840000004 -2.273251840000004 -2.1220864000000033 -11.273251840000011 -2.3639511040000043 
5.599999999999985 10.999999999999982 10.999999999999982 5.599999999999985 1.9999999999999902 19.999999999999986 
-2.1220864000000033 -2.273251840000004 -2.273251840000004 -2.1220864000000033 -11.273251840000011 -2.3639511040000043 
-0.7504000000000046 -1.4502400000000035 -1.4502400000000035 -0.7504000000000046 -10.450240000000012 -1.870144000000003 
0.0 0.0 0.0 0.0 0.0 0.0 
-2.4510223974400045 -2.3639511040000043 -2.4510223974400045 -2.4183706624000045 -11.418370662400012 -11.418370662400012 
-2.1220864000000033 -1.4502400000000035 -2.1220864000000033 -1.870144000000003 -10.87014400000001 -10.87014400000001 
-2.4183706624000045 -2.273251840000004 -2.4183706624000045 -2.3639511040000043 -11.363951104000009 -11.363951104000009 
-2.493652502708229 -2.497714900974965 -2.493652502708229 -2.4961915016249394 -11.496191501624946 -11.496191501624946 
0.0 0.0 0.0 0.0 0.0 0.0 
-2.493652502708229 -2.497714900974965 -2.493652502708229 -2.4961915016249394 -11.496191501624946 -11.496191501624946 
-2.470613438464005 -2.489420837847045 -2.470613438464005 -2.482368063078405 -11.482368063078411 -11.482368063078411 
-2.1220864000000033 -2.3639511040000043 -2.3639511040000043 -2.273251840000004 -11.273251840000011 -11.273251840000011 
-2.4510223974400045 -2.482368063078405 -2.482368063078405 -2.470613438464005 -11.47061343846401 -11.47061343846401 
0.0 0.0 0.0 0.0 0.0 0.0 
-2.4183706624000045 -2.470613438464005 -2.470613438464005 -2.4510223974400045 -11.45102239744001 -11.45102239744001 
-2.482368063078405 -2.493652502708229 -2.482368063078405 -2.489420837847045 -11.48942083784705 -11.48942083784705 
-2.4510223974400045 -2.482368063078405 -2.4510223974400045 -2.470613438464005 -11.47061343846401 -11.47061343846401 
-2.482368063078405 -2.493652502708229 -2.482368063078405 -2.489420837847045 -11.48942083784705 -11.48942083784705 
0.0 0.0 0.0 0.0 0.0 0.0 
2.3599999999999888 10.999999999999982 2.3599999999999888 5.599999999999985 -3.400000000000013 -3.400000000000013 
-1.870144000000003 -2.273251840000004 -1.870144000000003 -2.1220864000000033 -11.122086400000011 -11.122086400000011 
2.3599999999999888 -0.7504000000000046 -0.7504000000000046 0.41599999999999304 -8.584000000000014 -8.584000000000014 
-1.4502400000000035 -2.1220864000000033 -1.4502400000000035 -1.870144000000003 -10.87014400000001 -10.87014400000001 
0.0 0.0 0.0 0.0 0.0 0.0 
-2.470613438464005 -2.4183706624000045 -2.4510223974400045 -2.4183706624000045 -11.45102239744001 -11.45102239744001 
-2.273251840000004 -1.870144000000003 -2.1220864000000033 -1.870144000000003 -11.122086400000011 -11.122086400000011 
-2.4510223974400045 -2.3639511040000043 -2.4183706624000045 -2.3639511040000043 -11.418370662400012 -11.418370662400012 
-2.489420837847045 -2.4961915016249394 -2.493652502708229 -2.4961915016249394 -11.493652502708233 -11.493652502708233 
0.0 0.0 0.0 0.0 0.0 0.0 
-2.489420837847045 -2.4961915016249394 -2.493652502708229 -2.4961915016249394 -11.493652502708233 -11.493652502708233 
-2.4510223974400045 -2.482368063078405 -2.470613438464005 -2.482368063078405 -11.47061343846401 -11.47061343846401 
-2.273251840000004 -2.4183706624000045 -2.3639511040000043 -2.273251840000004 -11.363951104000009 -11.363951104000009 
-2.470613438464005 -2.489420837847045 -2.482368063078405 -2.470613438464005 -11.482368063078411 -11.482368063078411 
0.0 0.0 0.0 0.0 0.0 0.0 
-2.4510223974400045 -2.482368063078405 -2.470613438464005 -2.4510223974400045 -11.47061343846401 -11.47061343846401 
-2.470613438464005 -2.489420837847045 -2.482368063078405 -2.489420837847045 -11.482368063078411 -11.482368063078411 
-2.4183706624000045 -2.470613438464005 -2.4510223974400045 -2.470613438464005 -11.45102239744001 -11.45102239744001 
-2.470613438464005 -2.489420837847045 -2.482368063078405 -2.489420837847045 -11.482368063078411 -11.482368063078411 
0.0 0.0 0.0 0.0 0.0 0.0 
0.41599999999999304 5.599999999999985 2.3599999999999888 5.599999999999985 -6.640000000000013 -6.640000000000013 
-1.4502400000000035 -2.1220864000000033 -1.870144000000003 -2.1220864000000033 -10.87014400000001 -10.87014400000001 
0.41599999999999304 -1.4502400000000035 -0.7504000000000046 0.41599999999999304 -9.750400000000013 -9.750400000000013 
-0.7504000000000046 -1.870144000000003 -1.4502400000000035 -1.870144000000003 -10.450240000000012 -10.450240000000012 
0.0 0.0 0.0 0.0 0.0 0.0 
-2.482368063078405 -2.493652502708229 -2.493652502708229 -2.489420837847045 -11.48942083784705 -11.48942083784705 
-2.3639511040000043 -2.4510223974400045 -2.4510223974400045 -2.4183706624000045 -11.418370662400012 -11.418370662400012 
-2.470613438464005 -2.489420837847045 -2.489420837847045 -2.482368063078405 -11.482368063078411 -11.482368063078411 
-2.482368063078405 -2.4510223974400045 -2.4510223974400045 -2.470613438464005 -11.47061343846401 -11.47061343846401 
0.0 0.0 0.0 0.0 0.0 0.0 
-2.482368063078405 -2.4510223974400045 -2.4510223974400045 -2.470613438464005 -11.47061343846401 -11.47061343846401 
-2.4183706624000045 -2.273251840000004 -2.273251840000004 -2.3639511040000043 -11.363951104000009 -11.363951104000009 
-2.3639511040000043 -2.4510223974400045 -2.4510223974400045 -2.4183706624000045 -11.418370662400012 -11.418370662400012 
-2.482368063078405 -2.493652502708229 -2.493652502708229 -2.489420837847045 -11.48942083784705 -11.48942083784705 
0.0 0.0 0.0 0.0 0.0 0.0 
-2.470613438464005 -2.489420837847045 -2.489420837847045 -2.482368063078405 -11.482368063078411 -11.482368063078411 
-2.4510223974400045 -2.482368063078405 -2.4510223974400045 -2.470613438464005 -11.47061343846401 -11.47061343846401 
-2.3639511040000043 -2.4510223974400045 -2.3639511040000043 -2.4183706624000045 -11.418370662400012 -11.418370662400012 
-2.4510223974400045 -2.482368063078405 -2.4510223974400045 -2.470613438464005 -11.47061343846401 -11.47061343846401 
0.0 0.0 0.0 0.0 0.0 0.0 
-0.7504000000000046 -1.870144000000003 -1.870144000000003 -1.4502400000000035 -10.450240000000012 -10.450240000000012 
-0.7504000000000046 2.3599999999999888 2.3599999999999888 0.41599999999999304 -8.584000000000014 -8.584000000000014 
-0.7504000000000046 -1.870144000000003 -1.870144000000003 -1.4502400000000035 -10.450240000000012 -10.450240000000012 
0.41599999999999304 -1.4502400000000035 0.41599999999999304 -0.7504000000000046 -9.750400000000013 -9.750400000000013 
0.0 0.0 0.0 0.0 0.0 0.0 
-2.489420837847045 -2.4961915016249394 -2.4961915016249394 -2.489420837847045 -11.493652502708233 -11.493652502708233 
-2.4183706624000045 -2.470613438464005 -2.470613438464005 -2.4183706624000045 -11.45102239744001 -11.45102239744001 
-2.482368063078405 -2.493652502708229 -2.493652502708229 -2.482368063078405 -11.48942083784705 -11.48942083784705 
-2.470613438464005 -2.4183706624000045 -2.4183706624000045 -2.470613438464005 -11.45102239744001 -11.45102239744001 
0.0 0.0 0.0 0.0 0.0 0.0 
-2.470613438464005 -2.4183706624000045 -2.4183706624000045 -2.470613438464005 -11.45102239744001 -11.45102239744001 
-2.3639511040000043 -2.1220864000000033 -2.1220864000000033 -2.3639511040000043 -11.273251840000011 -11.273251840000011 
-2.4183706624000045 -2.470613438464005 -2.470613438464005 -2.4183706624000045 -11.45102239744001 -11.45102239744001 
-2.489420837847045 -2.4961915016249394 -2.4961915016249394 -2.489420837847045 -11.493652502708233 -11.493652502708233 
0.0 0.0 0.0 0.0 0.0 0.0 
-2.482368063078405 -2.493652502708229 -2.493652502708229 -2.482368063078405 -11.48942083784705 -11.48942083784705 
-2.4183706624000045 -2.470613438464005 -2.470613438464005 -2.470613438464005 -11.45102239744001 -11.45102239744001 
-2.273251840000004 -2.4183706624000045 -2.4183706624000045 -2.4183706624000045 -11.363951104000009 -11.363951104000009 
-2.4183706624000045 -2.470613438464005 -2.470613438464005 -2.470613438464005 -11.45102239744001 -11.45102239744001 
0.0 0.0 0.0 0.0 0.0 0.0 
-1.4502400000000035 -2.1220864000000033 -2.1220864000000033 -1.4502400000000035 -10.87014400000001 -10.87014400000001 
0.41599999999999304 5.599999999999985 5.599999999999985 0.41599999999999304 -6.640000000000013 -6.640000000000013 
-1.4502400000000035 -2.1220864000000033 -2.1220864000000033 -1.4502400000000035 -10.87014400000001 -10.87014400000001 
2.3599999999999888 -0.7504000000000046 -0.7504000000000046 -0.7504000000000046 -8.584000000000014 -8.584000000000014 
0.0 0.0 0.0 0.0 0.0 0.0 
-2.493652502708229 -2.497714900974965 -2.4961915016249394 -2.493652502708229 -11.496191501624946 -11.496191501624946 
-2.4510223974400045 -2.482368063078405 -2.470613438464005 -2.4510223974400045 -11.47061343846401 -11.47061343846401 
-2.489420837847045 -2.4961915016249394 -2.493652502708229 -2.489420837847045 -11.493652502708233 -11.493652502708233 
-2.4510223974400045 -2.3639511040000043 -2.4183706624000045 -2.4510223974400045 -11.418370662400012 -11.418370662400012 
0.0 0.0 0.0 0.0 0.0 0.0 
-2.4510223974400045 -2.3639511040000043 -2.4183706624000045 -2.4510223974400045 -11.418370662400012 -11.418370662400012 
-2.273251840000004 -1.870144000000003 -2.1220864000000033 -2.273251840000004 -11.122086400000011 -11.122086400000011 
-2.4510223974400045 -2.482368063078405 -2.470613438464005 -2.4510223974400045 -11.47061343846401 -11.47061343846401 
-2.493652502708229 -2.497714900974965 -2.4961915016249394 -2.493652502708229 -11.496191501624946 -11.496191501624946 
0.0 0.0 0.0 0.0 0.0 0.0 
-2.489420837847045 -2.4961915016249394 -2.493652502708229 -2.489420837847045 -11.493652502708233 -11.493652502708233 
-2.4510223974400045 -2.482368063078405 -2.470613438464005 -2.4510223974400045 -11.47061343846401 -11.47061343846401 
-2.3639511040000043 -2.4510223974400045 -2.4183706624000045 -2.3639511040000043 -11.418370662400012 -11.418370662400012 
-2.4510223974400045 -2.482368063078405 -2.470613438464005 -2.4510223974400045 -11.47061343846401 -11.47061343846401 
0.0 0.0 0.0 0.0 0.0 0.0 
-1.870144000000003 -2.273251840000004 -2.1220864000000033 -1.870144000000003 -11.122086400000011 -11.122086400000011 
2.3599999999999888 10.999999999999982 5.599999999999985 2.3599999999999888 -3.400000000000013 -3.400000000000013 
-1.870144000000003 -2.273251840000004 -2.1220864000000033 -1.870144000000003 -11.122086400000011 -11.122086400000011 
0.41599999999999304 -1.4502400000000035 -0.7504000000000046 0.41599999999999304 -9.750400000000013 -9.750400000000013 
0.0 0.0 0.0 0.0 0.0 0.0 
-2.470613438464005 -2.4183706624000045 -2.470613438464005 -2.4510223974400045 -11.45102239744001 -11.45102239744001 
-2.273251840000004 -1.870144000000003 -2.273251840000004 -2.1220864000000033 -11.122086400000011 -11.122086400000011 
-2.4510223974400045 -2.3639511040000043 -2.4510223974400045 -2.4183706624000045 -11.418370662400012 -11.418370662400012 
-2.4961915016249394 -2.4961915016249394 -2.489420837847045 -2.493652502708229 -11.493652502708233 -11.493652502708233 
0.0 0.0 0.0 0.0 0.0 0.0 
-2.4961915016249394 -2.4961915016249394 -2.489420837847045 -2.493652502708229 -11.493652502708233 -11.493652502708233 
-2.482368063078405 -2.482368063078405 -2.4510223974400045 -2.470613438464005 -11.47061343846401 -11.47061343846401 
-1.870144000000003 -2.273251840000004 -2.273251840000004 -2.1220864000000033 -11.122086400000011 -11.122086400000011 
-2.4183706624000045 -2.470613438464005 -2.470613438464005 -2.4510223974400045 -11.45102239744001 -11.45102239744001 
0.0 0.0 0.0 0.0 0.0 0.0 
-2.3639511040000043 -2.4510223974400045 -2.4510223974400045 -2.4183706624000045 -11.418370662400012 -11.418370662400012 
-2.489420837847045 -2.489420837847045 -2.470613438464005 -2.482368063078405 -11.482368063078411 -11.482368063078411 
-2.470613438464005 -2.470613438464005 -2.4183706624000045 -2.4510223974400045 -11.45102239744001 -11.45102239744001 
-2.489420837847045 -2.489420837847045 -2.470613438464005 -2.482368063078405 -11.482368063078411 -11.482368063078411 
0.0 0.0 0.0 0.0 0.0 0.0 
0.41599999999999304 5.599999999999985 0.41599999999999304 2.3599999999999888 -6.640000000000013 -6.640000000000013 
-2.1220864000000033 -2.1220864000000033 -1.4502400000000035 -1.870144000000003 -10.87014400000001 -10.87014400000001 
5.599999999999985 0.41599999999999304 0.41599999999999304 2.3599999999999888 -6.640000000000013 -6.640000000000013 
-1.870144000000003 -1.870144000000003 -0.7504000000000046 -1.4502400000000035 -10.450240000000012 -10.450240000000012 
0.0 0.0 0.0 0.0 0.0 0.0 
-2.482368063078405 -2.4510223974400045 -2.482368063078405 -2.4510223974400045 -11.47061343846401 -11.47061343846401 
-2.3639511040000043 -2.1220864000000033 -2.3639511040000043 -2.1220864000000033 -11.273251840000011 -11.273251840000011 
-2.470613438464005 -2.4183706624000045 -2.470613438464005 -2.4183706624000045 -11.45102239744001 -11.45102239744001 
-2.493652502708229 -2.493652502708229 -2.482368063078405 -2.493652502708229 -11.48942083784705 -11.48942083784705 
0.0 0.0 0.0 0.0 0.0 0.0 
-2.493652502708229 -2.493652502708229 -2.482368063078405 -2.493652502708229 -11.48942083784705 -11.48942083784705 
-2.470613438464005 -2.470613438464005 -2.4183706624000045 -2.470613438464005 -11.45102239744001 -11.45102239744001 
-2.3639511040000043 -2.3639511040000043 -2.3639511040000043 -2.1220864000000033 -11.273251840000011 -11.273251840000011 
-2.482368063078405 -2.482368063078405 -2.482368063078405 -2.4510223974400045 -11.47061343846401 -11.47061343846401 
0.0 0.0 0.0 0.0 0.0 0.0 
-2.470613438464005 -2.470613438464005 -2.470613438464005 -2.4183706624000045 -11.45102239744001 -11.45102239744001 
-2.482368063078405 -2.482368063078405 -2.4510223974400045 -2.482368063078405 -11.47061343846401 -11.47061343846401 
-2.4510223974400045 -2.4510223974400045 -2.3639511040000043 -2.4510223974400045 -11.418370662400012 -11.418370662400012 
-2.482368063078405 -2.482368063078405 -2.4510223974400045 -2.482368063078405 -11.47061343846401 -11.47061343846401 
0.0 0.0 0.0 0.0 0.0 0.0 
-0.7504000000000046 2.3599999999999888 -0.7504000000000046 2.3599999999999888 -8.584000000000014 -8.584000000000014 
-1.870144000000003 -1.870144000000003 -0.7504000000000046 -1.870144000000003 -10.450240000000012 -10.450240000000012 
-0.7504000000000046 -0.7504000000000046 -0.7504000000000046 2.3599999999999888 -8.584000000000014 -8.584000000000014 
-1.4502400000000035 -1.4502400000000035 0.41599999999999304 -1.4502400000000035 -9.750400000000013 -9.750400000000013 
0.0 0.0 0.0 0.0 0.0 0.0 
-2.489420837847045 -2.489420837847045 -2.489420837847045 -2.470613438464005 -11.482368063078411 -11.482368063078411 
-2.4183706624000045 -2.4183706624000045 -2.4183706624000045 -2.273251840000004 -11.363951104000009 -11.363951104000009 
-2.482368063078405 -2.482368063078405 -2.482368063078405 -2.4510223974400045 -11.47061343846401 -11.47061343846401 
-2.489420837847045 -2.470613438464005 -2.470613438464005 -2.489420837847045 -11.482368063078411 -11.482368063078411 
0.0 0.0 0.0 0.0 0.0 0.0 
-2.489420837847045 -2.470613438464005 -2.470613438464005 -2.489420837847045 -11.482368063078411 -11.482368063078411 
-2.4510223974400045 -2.3639511040000043 -2.3639511040000043 -2.4510223974400045 -11.418370662400012 -11.418370662400012 
-2.4183706624000045 -2.4183706624000045 -2.4183706624000045 -2.273251840000004 -11.363951104000009 -11.363951104000009 
-2.489420837847045 -2.489420837847045 -2.489420837847045 -2.470613438464005 -11.482368063078411 -11.482368063078411 
0.0 0.0 0.0 0.0 0.0 0.0 
-2.482368063078405 -2.482368063078405 -2.482368063078405 -2.4510223974400045 -11.47061343846401 -11.47061343846401 
-2.470613438464005 -2.470613438464005 -2.4183706624000045 -2.470613438464005 -11.45102239744001 -11.45102239744001 
-2.4183706624000045 -2.4183706624000045 -2.273251840000004 -2.4183706624000045 -11.363951104000009 -11.363951104000009 
-2.470613438464005 -2.470613438464005 -2.4183706624000045 -2.470613438464005 -11.45102239744001 -11.45102239744001 
0.0 0.0 0.0 0.0 0.0 0.0 
-1.4502400000000035 -1.4502400000000035 -1.4502400000000035 0.41599999999999304 -9.750400000000013 -9.750400000000013 
-1.4502400000000035 0.41599999999999304 0.41599999999999304 -1.4502400000000035 -9.750400000000013 -9.750400000000013 
-1.4502400000000035 -1.4502400000000035 -1.4502400000000035 0.41599999999999304 -9.750400000000013 -9.750400000000013 
-0.7504000000000046 -0.7504000000000046 2.3599999999999888 -0.7504000000000046 -8.584000000000014 -8.584000000000014 
0.0 0.0 0.0 0.0 0.0 0.0 
-2.493652502708229 -2.493652502708229 -2.493652502708229 -2.482368063078405 -11.48942083784705 -11.48942083784705 
-2.4510223974400045 -2.4510223974400045 -2.4510223974400045 -2.3639511040000043 -11.418370662400012 -11.418370662400012 
-2.489420837847045 -2.489420837847045 -2.489420837847045 -2.470613438464005 -11.482368063078411 -11.482368063078411 
-2.482368063078405 -2.4510223974400045 -2.4510223974400045 -2.482368063078405 -11.47061343846401 -11.47061343846401 
0.0 0.0 0.0 0.0 0.0 0.0 
-2.482368063078405 -2.4510223974400045 -2.4510223974400045 -2.482368063078405 -11.47061343846401 -11.47061343846401 
-2.4183706624000045 -2.273251840000004 -2.273251840000004 -2.4183706624000045 -11.363951104000009 -11.363951104000009 
-2.4510223974400045 -2.4510223974400045 -2.4510223974400045 -2.3639511040000043 -11.418370662400012 -11.418370662400012 
-2.493652502708229 -2.493652502708229 -2.493652502708229 -2.482368063078405 -11.48942083784705 -11.48942083784705 
0.0 0.0 0.0 0.0 0.0 0.0 
-2.489420837847045 -2.489420837847045 -2.489420837847045 -2.470613438464005 -11.482368063078411 -11.482368063078411 
-2.3639511040000043 -2.4510223974400045 -2.4510223974400045 -2.4510223974400045 -11.418370662400012 -11.418370662400012 
-2.1220864000000033 -2.3639511040000043 -2.3639511040000043 -2.3639511040000043 -11.273251840000011 -11.273251840000011 
-2.3639511040000043 -2.4510223974400045 -2.4510223974400045 -2.4510223974400045 -11.418370662400012 -11.418370662400012 
0.0 0.0 0.0 0.0 0.0 0.0 
-1.870144000000003 -1.870144000000003 -1.870144000000003 -0.7504000000000046 -10.450240000000012 -10.450240000000012 
-0.7504000000000046 2.3599999999999888 2.3599999999999888 -0.7504000000000046 -8.584000000000014 -8.584000000000014 
-1.870144000000003 -1.870144000000003 -1.870144000000003 -0.7504000000000046 -10.450240000000012 -10.450240000000012 
5.599999999999985 0.41599999999999304 0.41599999999999304 0.41599999999999304 -6.640000000000013 -6.640000000000013 
0.0 0.0 0.0 0.0 0.0 0.0 
-2.4961915016249394 -2.4961915016249394 -2.493652502708229 -2.489420837847045 -11.493652502708233 -11.493652502708233 
-2.470613438464005 -2.470613438464005 -2.4510223974400045 -2.4183706624000045 -11.45102239744001 -11.45102239744001 
-2.493652502708229 -2.493652502708229 -2.489420837847045 -2.482368063078405 -11.48942083784705 -11.48942083784705 
-2.470613438464005 -2.4183706624000045 -2.4510223974400045 -2.470613438464005 -11.45102239744001 -11.45102239744001 
0.0 0.0 0.0 0.0 0.0 0.0 
-2.470613438464005 -2.4183706624000045 -2.4510223974400045 -2.470613438464005 -11.45102239744001 -11.45102239744001 
-2.3639511040000043 -2.1220864000000033 -2.273251840000004 -2.3639511040000043 -11.273251840000011 -11.273251840000011 
-2.470613438464005 -2.470613438464005 -2.4510223974400045 -2.4183706624000045 -11.45102239744001 -11.45102239744001 
-2.4961915016249394 -2.4961915016249394 -2.493652502708229 -2.489420837847045 -11.493652502708233 -11.493652502708233 
0.0 0.0 0.0 0.0 0.0 0.0 
-2.493652502708229 -2.493652502708229 -2.489420837847045 -2.482368063078405 -11.48942083784705 -11.48942083784705 
-2.4183706624000045 -2.470613438464005 -2.4510223974400045 -2.4183706624000045 -11.45102239744001 -11.45102239744001 
-2.273251840000004 -2.4183706624000045 -2.3639511040000043 -2.273251840000004 -11.363951104000009 -11.363951104000009 
-2.4183706624000045 -2.470613438464005 -2.4510223974400045 -2.4183706624000045 -11.45102239744001 -11.45102239744001 
0.0 0.0 0.0 0.0 0.0 0.0 
-2.1220864000000033 -2.1220864000000033 -1.870144000000003 -1.4502400000000035 -10.87014400000001 -10.87014400000001 
0.41599999999999304 5.599999999999985 2.3599999999999888 0.41599999999999304 -6.640000000000013 -6.640000000000013 
-2.1220864000000033 -2.1220864000000033 -1.870144000000003 -1.4502400000000035 -10.87014400000001 -10.87014400000001 
2.3599999999999888 -0.7504000000000046 0.41599999999999304 2.3599999999999888 -8.584000000000014 -8.584000000000014 
0.0 0.0 0.0 0.0 0.0 0.0 
-2.482368063078405 -2.4510223974400045 -2.470613438464005 -2.470613438464005 -11.47061343846401 -11.47061343846401 
-2.3639511040000043 -2.1220864000000033 -2.273251840000004 -2.273251840000004 -11.273251840000011 -11.273251840000011 
-2.470613438464005 -2.4183706624000045 -2.4510223974400045 -2.4510223974400045 -11.45102239744001 -11.45102239744001 
-2.497714900974965 -2.493652502708229 -2.4961915016249394 -2.4961915016249394 -11.496191501624946 -11.496191501624946 
0.0 0.0 0.0 0.0 0.0 0.0 
-2.497714900974965 -2.493652502708229 -2.4961915016249394 -2.4961915016249394 -11.496191501624946 -11.496191501624946 
-2.489420837847045 -2.470613438464005 -2.482368063078405 -2.482368063078405 -11.482368063078411 -11.482368063078411 
-1.4502400000000035 -2.1220864000000033 -1.870144000000003 -1.870144000000003 -10.87014400000001 -10.87014400000001 
-2.3639511040000043 -2.4510223974400045 -2.4183706624000045 -2.4183706624000045 -11.418370662400012 -11.418370662400012 
0.0 0.0 0.0 0.0 0.0 0.0 
-2.273251840000004 -2.4183706624000045 -2.3639511040000043 -2.3639511040000043 -11.363951104000009 -11.363951104000009 
-2.493652502708229 -2.482368063078405 -2.489420837847045 -2.489420837847045 -11.48942083784705 -11.48942083784705 
-2.482368063078405 -2.4510223974400045 -2.470613438464005 -2.470613438464005 -11.47061343846401 -11.47061343846401 
-2.493652502708229 -2.482368063078405 -2.489420837847045 -2.489420837847045 -11.48942083784705 -11.48942083784705 
0.0 0.0 0.0 0.0 0.0 0.0 
-0.7504000000000046 2.3599999999999888 0.41599999999999304 0.41599999999999304 -8.584000000000014 -8.584000000000014 
-2.273251840000004 -1.870144000000003 -2.1220864000000033 -2.1220864000000033 -11.122086400000011 -11.122086400000011 
10.999999999999982 2.3599999999999888 5.599999999999985 5.599999999999985 -3.400000000000013 -3.400000000000013 
-2.1220864000000033 -1.4502400000000035 -1.870144000000003 -1.870144000000003 -10.87014400000001 -10.87014400000001 
0.0 0.0 0.0 0.0 0.0 0.0 
-2.489420837847045 -2.470613438464005 -2.489420837847045 -2.482368063078405 -11.482368063078411 -11.482368063078411 
-2.4183706624000045 -2.273251840000004 -2.4183706624000045 -2.3639511040000043 -11.363951104000009 -11.363951104000009 
-2.482368063078405 -2.4510223974400045 -2.482368063078405 -2.470613438464005 -11.47061343846401 -11.47061343846401 
-2.4961915016249394 -2.489420837847045 -2.489420837847045 -2.493652502708229 -11.493652502708233 -11.493652502708233 
0.0 0.0 0.0 0.0 0.0 0.0 
-2.4961915016249394 -2.489420837847045 -2.489420837847045 -2.493652502708229 -11.493652502708233 -11.493652502708233 
-2.482368063078405 -2.4510223974400045 -2.4510223974400045 -2.470613438464005 -11.47061343846401 -11.47061343846401 
-2.4183706624000045 -2.273251840000004 -2.4183706624000045 -2.3639511040000043 -11.363951104000009 -11.363951104000009 
-2.489420837847045 -2.470613438464005 -2.489420837847045 -2.482368063078405 -11.482368063078411 -11.482368063078411 
0.0 0.0 0.0 0.0 0.0 0.0 
-2.482368063078405 -2.4510223974400045 -2.482368063078405 -2.470613438464005 -11.47061343846401 -11.47061343846401 
-2.489420837847045 -2.470613438464005 -2.470613438464005 -2.482368063078405 -11.482368063078411 -11.482368063078411 
-2.470613438464005 -2.4183706624000045 -2.4183706624000045 -2.4510223974400045 -11.45102239744001 -11.45102239744001 
-2.489420837847045 -2.470613438464005 -2.470613438464005 -2.482368063078405 -11.482368063078411 -11.482368063078411 
0.0 0.0 0.0 0.0 0.0 0.0 
-1.4502400000000035 0.41599999999999304 -1.4502400000000035 -0.7504000000000046 -9.750400000000013 -9.750400000000013 
-2.1220864000000033 -1.4502400000000035 -1.4502400000000035 -1.870144000000003 -10.87014400000001 -10.87014400000001 
-1.4502400000000035 0.41599999999999304 -1.4502400000000035 -0.7504000000000046 -9.750400000000013 -9.750400000000013 
-1.870144000000003 -0.7504000000000046 -0.7504000000000046 -1.4502400000000035 -10.450240000000012 -10.450240000000012 
0.0 0.0 0.0 0.0 0.0 0.0 
-2.493652502708229 -2.482368063078405 -2.489420837847045 -2.482368063078405 -11.48942083784705 -11.48942083784705 
-2.4510223974400045 -2.3639511040000043 -2.4183706624000045 -2.3639511040000043 -11.418370662400012 -11.418370662400012 
-2.489420837847045 -2.470613438464005 -2.482368063078405 -2.470613438464005 -11.482368063078411 -11.482368063078411 
-2.493652502708229 -2.482368063078405 -2.489420837847045 -2.493652502708229 -11.48942083784705 -11.48942083784705 
0.0 0.0 0.0 0.0 0.0 0.0 
-2.493652502708229 -2.482368063078405 -2.489420837847045 -2.493652502708229 -11.48942083784705 -11.48942083784705 
-2.470613438464005 -2.4183706624000045 -2.4510223974400045 -2.470613438464005 -11.45102239744001 -11.45102239744001 
-2.4510223974400045 -2.3639511040000043 -2.4183706624000045 -2.3639511040000043 -11.418370662400012 -11.418370662400012 
-2.493652502708229 -2.482368063078405 -2.489420837847045 -2.482368063078405 -11.48942083784705 -11.48942083784705 
0.0 0.0 0.0 0.0 0.0 0.0 
-2.489420837847045 -2.470613438464005 -2.482368063078405 -2.470613438464005 -11.482368063078411 -11.482368063078411 
-2.482368063078405 -2.4510223974400045 -2.470613438464005 -2.482368063078405 -11.47061343846401 -11.47061343846401 
-2.4510223974400045 -2.3639511040000043 -2.4183706624000045 -2.4510223974400045 -11.418370662400012 -11.418370662400012 
-2.482368063078405 -2.4510223974400045 -2.470613438464005 -2.482368063078405 -11.47061343846401 -11.47061343846401 
0.0 0.0 0.0 0.0 0.0 0.0 
-1.870144000000003 -0.7504000000000046 -1.4502400000000035 -0.7504000000000046 -10.450240000000012 -10.450240000000012 
-1.870144000000003 -0.7504000000000046 -1.4502400000000035 -1.870144000000003 -10.450240000000012 -10.450240000000012 
-1.870144000000003 -0.7504000000000046 -1.4502400000000035 -0.7504000000000046 -10.450240000000012 -10.450240000000012 
-1.4502400000000035 0.41599999999999304 -0.7504000000000046 -1.4502400000000035 -9.750400000000013 -9.750400000000013 
0.0 0.0 0.0 0.0 0.0 0.0 
-2.4961915016249394 -2.489420837847045 -2.4961915016249394 -2.493652502708229 -11.493652502708233 -11.493652502708233 
-2.470613438464005 -2.4183706624000045 -2.470613438464005 -2.4510223974400045 -11.45102239744001 -11.45102239744001 
-2.493652502708229 -2.482368063078405 -2.493652502708229 -2.489420837847045 -11.48942083784705 -11.48942083784705 
-2.489420837847045 -2.470613438464005 -2.470613438464005 -2.482368063078405 -11.482368063078411 -11.482368063078411 
0.0 0.0 0.0 0.0 0.0 0.0 
-2.489420837847045 -2.470613438464005 -2.470613438464005 -2.482368063078405 -11.482368063078411 -11.482368063078411 
-2.4510223974400045 -2.3639511040000043 -2.3639511040000043 -2.4183706624000045 -11.418370662400012 -11.418370662400012 
-2.470613438464005 -2.4183706624000045 -2.470613438464005 -2.4510223974400045 -11.45102239744001 -11.45102239744001 
-2.4961915016249394 -2.489420837847045 -2.4961915016249394 -2.493652502708229 -11.493652502708233 -11.493652502708233 
0.0 0.0 0.0 0.0 0.0 0.0 
-2.493652502708229 -2.482368063078405 -2.493652502708229 -2.489420837847045 -11.48942083784705 -11.48942083784705 
-2.273251840000004 -2.4183706624000045 -2.4183706624000045 -2.3639511040000043 -11.363951104000009 -11.363951104000009 
-1.870144000000003 -2.273251840000004 -2.273251840000004 -2.1220864000000033 -11.122086400000011 -11.122086400000011 
-2.273251840000004 -2.4183706624000045 -2.4183706624000045 -2.3639511040000043 -11.363951104000009 -11.363951104000009 
0.0 0.0 0.0 0.0 0.0 0.0 
-2.1220864000000033 -1.4502400000000035 -2.1220864000000033 -1.870144000000003 -10.87014400000001 -10.87014400000001 
-1.4502400000000035 0.41599999999999304 0.41599999999999304 -0.7504000000000046 -9.750400000000013 -9.750400000000013 
-2.1220864000000033 -1.4502400000000035 -2.1220864000000033 -1.870144000000003 -10.87014400000001 -10.87014400000001 
10.999999999999982 2.3599999999999888 2.3599999999999888 5.599999999999985 -3.400000000000013 -3.400000000000013 
0.0 0.0 0.0 0.0 0.0 0.0 
-2.497714900974965 -2.493652502708229 -2.4961915016249394 -2.493652502708229 -11.496191501624946 -11.496191501624946 
-2.482368063078405 -2.4510223974400045 -2.470613438464005 -2.4510223974400045 -11.47061343846401 -11.47061343846401 
-2.4961915016249394 -2.489420837847045 -2.493652502708229 -2.489420837847045 -11.493652502708233 -11.493652502708233 
-2.482368063078405 -2.4510223974400045 -2.470613438464005 -2.482368063078405 -11.47061343846401 -11.47061343846401 
0.0 0.0 0.0 0.0 0.0 0.0 
-2.482368063078405 -2.4510223974400045 -2.470613438464005 -2.482368063078405 -11.47061343846401 -11.47061343846401 
-2.4183706624000045 -2.273251840000004 -2.3639511040000043 -2.4183706624000045 -11.363951104000009 -11.363951104000009 
-2.482368063078405 -2.4510223974400045 -2.470613438464005 -2.4510223974400045 -11.47061343846401 -11.47061343846401 
-2.497714900974965 -2.493652502708229 -2.4961915016249394 -2.493652502708229 -11.496191501624946 -11.496191501624946 
0.0 0.0 0.0 0.0 0.0 0.0 
-2.4961915016249394 -2.489420837847045 -2.493652502708229 -2.489420837847045 -11.493652502708233 -11.493652502708233 
-2.3639511040000043 -2.4510223974400045 -2.4183706624000045 -2.3639511040000043 -11.418370662400012 -11.418370662400012 
-2.1220864000000033 -2.3639511040000043 -2.273251840000004 -2.1220864000000033 -11.273251840000011 -11.273251840000011 
-2.3639511040000043 -2.4510223974400045 -2.4183706624000045 -2.3639511040000043 -11.418370662400012 -11.418370662400012 
0.0 0.0 0.0 0.0 0.0 0.0 
-2.273251840000004 -1.870144000000003 -2.1220864000000033 -1.870144000000003 -11.122086400000011 -11.122086400000011 
-0.7504000000000046 2.3599999999999888 0.41599999999999304 -0.7504000000000046 -8.584000000000014 -8.584000000000014 
-2.273251840000004 -1.870144000000003 -2.1220864000000033 -1.870144000000003 -11.122086400000011 -11.122086400000011 
5.599999999999985 0.41599999999999304 2.3599999999999888 5.599999999999985 -6.640000000000013 -6.640000000000013 
0.0 0.0 0.0 0.0 0.0 0.0 
-2.482368063078405 -2.470613438464005 -2.482368063078405 -2.482368063078405 -11.482368063078411 -11.482368063078411 
-2.3639511040000043 -2.273251840000004 -2.3639511040000043 -2.3639511040000043 -11.363951104000009 -11.363951104000009 
-2.470613438464005 -2.4510223974400045 -2.470613438464005 -2.470613438464005 -11.47061343846401 -11.47061343846401 
-2.497714900974965 -2.4961915016249394 -2.497714900974965 -2.497714900974965 -11.497714900974973 -11.497714900974973 
0.0 0.0 0.0 0.0 0.0 0.0 
-2.497714900974965 -2.4961915016249394 -2.497714900974965 -2.497714900974965 -11.497714900974973 -11.497714900974973 
-2.489420837847045 -2.482368063078405 -2.489420837847045 -2.489420837847045 -11.48942083784705 -11.48942083784705 
-1.4502400000000035 -1.870144000000003 -1.4502400000000035 -1.4502400000000035 -0.7504000000000046 -10.450240000000012 
-2.3639511040000043 -2.4183706624000045 -2.3639511040000043 -2.3639511040000043 -2.273251840000004 -11.363951104000009 
0.0 0.0 0.0 0.0 0.0 0.0 
-2.273251840000004 -2.3639511040000043 -2.273251840000004 -2.273251840000004 -2.1220864000000033 -11.273251840000011 
-2.493652502708229 -2.489420837847045 -2.493652502708229 -2.493652502708229 -11.493652502708233 -11.493652502708233 
-2.482368063078405 -2.470613438464005 -2.482368063078405 -2.482368063078405 -11.482368063078411 -11.482368063078411 
-2.493652502708229 -2.489420837847045 -2.493652502708229 -2.493652502708229 -11.493652502708233 -11.493652502708233 
0.0 0.0 0.0 0.0 0.0 0.0 
-0.7504000000000046 0.41599999999999304 -0.7504000000000046 -0.7504000000000046 -9.750400000000013 -1.4502400000000035 
-2.273251840000004 -2.1220864000000033 -2.273251840000004 -2.273251840000004 -11.273251840000011 -2.3639511040000043 
10.999999999999982 5.599999999999985 10.999999999999982 10.999999999999982 1.9999999999999902 19.999999999999986 
-2.1220864000000033 -1.870144000000003 -2.1220864000000033 -2.1220864000000033 -11.122086400000011 -2.273251840000004 
0.0 0.0 0.0 0.0 0.0 0.0 
-2.489420837847045 -2.482368063078405 -2.493652502708229 -2.489420837847045 -11.48942083784705 -11.48942083784705 
-2.4183706624000045 -2.3639511040000043 -2.4510223974400045 -2.4183706624000045 -11.418370662400012 -11.418370662400012 
-2.482368063078405 -2.470613438464005 -2.489420837847045 -2.482368063078405 -11.482368063078411 -11.482368063078411 
-2.4961915016249394 -2.493652502708229 -2.493652502708229 -2.4961915016249394 -11.496191501624946 -11.496191501624946 
0.0 0.0 0.0 0.0 0.0 0.0 
-2.4961915016249394 -2.493652502708229 -2.493652502708229 -2.4961915016249394 -11.496191501624946 -11.496191501624946 
-2.482368063078405 -2.470613438464005 -2.470613438464005 -2.482368063078405 -11.482368063078411 -11.482368063078411 
-2.4183706624000045 -2.3639511040000043 -2.4510223974400045 -2.4183706624000045 -11.418370662400012 -11.418370662400012 
-2.489420837847045 -2.482368063078405 -2.493652502708229 -2.489420837847045 -11.48942083784705 -11.48942083784705 
0.0 0.0 0.0 0.0 0.0 0.0 
-2.482368063078405 -2.470613438464005 -2.489420837847045 -2.482368063078405 -11.482368063078411 -11.482368063078411 
-2.489420837847045 -2.482368063078405 -2.482368063078405 -2.489420837847045 -11.48942083784705 -11.48942083784705 
-2.470613438464005 -2.4510223974400045 -2.4510223974400045 -2.470613438464005 -11.47061343846401 -11.47061343846401 
-2.489420837847045 -2.482368063078405 -2.482368063078405 -2.489420837847045 -11.48942083784705 -11.48942083784705 
0.0 0.0 0.0 0.0 0.0 0.0 
-1.4502400000000035 -0.7504000000000046 -1.870144000000003 -1.4502400000000035 -10.450240000000012 -10.450240000000012 
-2.1220864000000033 -1.870144000000003 -1.870144000000003 -2.1220864000000033 -11.122086400000011 -11.122086400000011 
-1.4502400000000035 -0.7504000000000046 -1.870144000000003 -1.4502400000000035 -10.450240000000012 -10.450240000000012 
-1.870144000000003 -1.4502400000000035 -1.4502400000000035 -1.870144000000003 -10.87014400000001 -10.87014400000001 
0.0 0.0 0.0 0.0 0.0 0.0 
-2.493652502708229 -2.489420837847045 -2.493652502708229 -2.489420837847045 -11.493652502708233 -11.493652502708233 
-2.4510223974400045 -2.4183706624000045 -2.4510223974400045 -2.4183706624000045 -11.45102239744001 -11.45102239744001 
-2.489420837847045 -2.482368063078405 -2.489420837847045 -2.482368063078405 -11.48942083784705 -11.48942083784705 
-2.493652502708229 -2.489420837847045 -2.493652502708229 -2.4961915016249394 -11.493652502708233 -11.493652502708233 
0.0 0.0 0.0 0.0 0.0 0.0 
-2.493652502708229 -2.489420837847045 -2.493652502708229 -2.4961915016249394 -11.493652502708233 -11.493652502708233 
-2.470613438464005 -2.4510223974400045 -2.470613438464005 -2.482368063078405 -11.47061343846401 -11.47061343846401 
-2.4510223974400045 -2.4183706624000045 -2.4510223974400045 -2.4183706624000045 -11.45102239744001 -11.45102239744001 
-2.493652502708229 -2.489420837847045 -2.493652502708229 -2.489420837847045 -11.493652502708233 -11.493652502708233 
0.0 0.0 0.0 0.0 0.0 0.0 
-2.489420837847045 -2.482368063078405 -2.489420837847045 -2.482368063078405 -11.48942083784705 -11.48942083784705 
-2.482368063078405 -2.470613438464005 -2.482368063078405 -2.489420837847045 -11.482368063078411 -11.482368063078411 
-2.4510223974400045 -2.4183706624000045 -2.4510223974400045 -2.470613438464005 -11.45102239744001 -11.45102239744001 
-2.482368063078405 -2.470613438464005 -2.482368063078405 -2.489420837847045 -11.482368063078411 -11.482368063078411 
0.0 0.0 0.0 0.0 0.0 0.0 
-1.870144000000003 -1.4502400000000035 -1.870144000000003 -1.4502400000000035 -10.87014400000001 -10.87014400000001 
-1.870144000000003 -1.4502400000000035 -1.870144000000003 -2.1220864000000033 -10.87014400000001 -10.87014400000001 
-1.870144000000003 -1.4502400000000035 -1.870144000000003 -1.4502400000000035 -10.87014400000001 -10.87014400000001 
-1.4502400000000035 -0.7504000000000046 -1.4502400000000035 -1.870144000000003 -10.450240000000012 -10.450240000000012 
0.0 0.0 0.0 0.0 0.0 0.0 
-2.4961915016249394 -2.493652502708229 -2.497714900974965 -2.4961915016249394 -11.496191501624946 -11.496191501624946 
-2.470613438464005 -2.4510223974400045 -2.482368063078405 -2.470613438464005 -11.47061343846401 -11.47061343846401 
-2.493652502708229 -2.489420837847045 -2.4961915016249394 -2.493652502708229 -11.493652502708233 -11.493652502708233 
-2.489420837847045 -2.482368063078405 -2.482368063078405 -2.489420837847045 -11.48942083784705 -11.48942083784705 
0.0 0.0 0.0 0.0 0.0 0.0 
-2.489420837847045 -2.482368063078405 -2.482368063078405 -2.489420837847045 -11.48942083784705 -11.48942083784705 
-2.4510223974400045 -2.4183706624000045 -2.4183706624000045 -2.4510223974400045 -11.45102239744001 -11.45102239744001 
-2.470613438464005 -2.4510223974400045 -2.482368063078405 -2.470613438464005 -11.47061343846401 -11.47061343846401 
-2.4961915016249394 -2.493652502708229 -2.497714900974965 -2.4961915016249394 -11.496191501624946 -11.496191501624946 
0.0 0.0 0.0 0.0 0.0 0.0 
-2.493652502708229 -2.489420837847045 -2.4961915016249394 -2.493652502708229 -11.493652502708233 -11.493652502708233 
-2.273251840000004 -2.3639511040000043 -2.3639511040000043 -2.273251840000004 -2.1220864000000033 -11.273251840000011 
-1.870144000000003 -2.1220864000000033 -2.1220864000000033 -1.870144000000003 -1.4502400000000035 -10.87014400000001 
-2.273251840000004 -2.3639511040000043 -2.3639511040000043 -2.273251840000004 -2.1220864000000033 -11.273251840000011 
0.0 0.0 0.0 0.0 0.0 0.0 
-2.1220864000000033 -1.870144000000003 -2.273251840000004 -2.1220864000000033 -11.122086400000011 -2.273251840000004 
-1.4502400000000035 -0.7504000000000046 -0.7504000000000046 -1.4502400000000035 -10.450240000000012 -1.870144000000003 
-2.1220864000000033 -1.870144000000003 -2.273251840000004 -2.1220864000000033 -11.122086400000011 -2.273251840000004 
10.999999999999982 5.599999999999985 5.599999999999985 10.999999999999982 1.9999999999999902 19.999999999999986 
0.0 0.0 0.0 0.0 0.0 0.0 
-2.497714900974965 -2.4961915016249394 -2.497714900974965 -2.4961915016249394 -11.497714900974973 -11.497714900974973 
-2.482368063078405 -2.470613438464005 -2.482368063078405 -2.470613438464005 -11.482368063078411 -11.482368063078411 
-2.4961915016249394 -2.493652502708229 -2.4961915016249394 -2.493652502708229 -11.496191501624946 -11.496191501624946 
-2.482368063078405 -2.470613438464005 -2.482368063078405 -2.489420837847045 -11.482368063078411 -11.482368063078411 
0.0 0.0 0.0 0.0 0.0 0.0 
-2.482368063078405 -2.470613438464005 -2.482368063078405 -2.489420837847045 -11.482368063078411 -11.482368063078411 
-2.4183706624000045 -2.3639511040000043 -2.4183706624000045 -2.4510223974400045 -11.418370662400012 -11.418370662400012 
-2.482368063078405 -2.470613438464005 -2.482368063078405 -2.470613438464005 -11.482368063078411 -11.482368063078411 
-2.497714900974965 -2.4961915016249394 -2.497714900974965 -2.4961915016249394 -11.497714900974973 -11.497714900974973 
0.0 0.0 0.0 0.0 0.0 0.0 
-2.4961915016249394 -2.493652502708229 -2.4961915016249394 -2.493652502708229 -11.496191501624946 -11.496191501624946 
-2.3639511040000043 -2.4183706624000045 -2.3639511040000043 -2.273251840000004 -11.363951104000009 -11.363951104000009 
-2.1220864000000033 -2.273251840000004 -2.1220864000000033 -1.870144000000003 -11.122086400000011 -11.122086400000011 
-2.3639511040000043 -2.4183706624000045 -2.3639511040000043 -2.273251840000004 -11.363951104000009 -11.363951104000009 
0.0 0.0 0.0 0.0 0.0 0.0 
-2.273251840000004 -2.1220864000000033 -2.273251840000004 -2.1220864000000033 -11.273251840000011 -11.273251840000011 
-0.7504000000000046 0.41599999999999304 -0.7504000000000046 -1.4502400000000035 -9.750400000000013 -9.750400000000013 
-2.273251840000004 -2.1220864000000033 -2.273251840000004 -2.1220864000000033 -11.273251840000011 -11.273251840000011 
5.599999999999985 2.3599999999999888 5.599999999999985 10.999999999999982 -3.400000000000013 -3.400000000000013 
