0.0 0.0 0.0 0.0 0.0 0.0 
-2.4183706496499306 -2.3639511026920252 -2.4183706540790793 -2.363951102346957 -2.273251840000004 -11.363950252840812 
-1.8701439928032058 -1.450240053353692 -1.870143983558918 -1.450240043693697 -0.7504000000000046 -10.45023437522059 
-2.3639509329038733 -2.2732518213210837 -2.3639510956690337 -2.2732518347759365 -2.1220864000000033 -11.273251079826236 
-2.496191501527185 -2.4967117710111495 -2.496191501520539 -2.4965738598969374 -9.880967932309602 -10.401464565422936 
0.0 0.0 0.0 0.0 0.0 0.0 
-2.496191501017163 -2.4970334223889674 -2.496191501012114 -2.496887804610523 -9.861009095482238 -9.03213767703073 
-2.4823680626443716 -2.485849442341822 -2.4823680626373785 -2.486494858139838 -10.03447758266201 -8.437038171073663 
-2.2732518400000004 -2.316524693140446 -2.3683778537026696 -2.3289335653516545 -9.193264845424038 -8.357710423774186 
-2.4706134384640004 -2.479355967453593 -2.4802462728811596 -2.4773449300858643 -9.865757486070995 -9.667363323384691 
0.0 0.0 0.0 0.0 0.0 0.0 
-2.451022397440001 -2.460774048422956 -2.470135760025549 -2.460775139940999 -9.663988099759095 -9.2366169694573 
-2.489420837619136 -2.491338895027351 -2.4894208376090012 -2.4913485749925965 -10.417044251988212 -9.281791792782672 
-2.470613437532793 -2.471845710602662 -2.4706134375202633 -2.4772607960368407 -8.135927986964045 -9.834076198256689 
-2.48942083662662 -2.4917861802320207 -2.4894208367147685 -2.490880130319174 -8.108284651960368 -10.606562297079432 
0.0 0.0 0.0 0.0 0.0 0.0 
5.599999999999985 10.999999999999982 5.599999999999985 10.999999999999982 1.9999999999999902 19.999999999999986 
-2.1220864000000033 -2.273251835977772 -2.122086567825861 -2.2732518191296207 -11.27325134419382 -2.3639510920296276 
0.41599999999999304 -0.7504000388873675 -1.4502401383208057 -0.7504000155081716 -9.750399496917206 -1.4502399790052973 
-1.870144000000003 -2.122086394661473 -1.8701455763313652 -2.1220863917717616 -11.12208497128125 -2.2732518266066726 
0.0 0.0 0.0 0.0 0.0 0.0 
-2.4287846106109443 -2.4099737307269278 -2.4077980502457885 -2.3639511040000043 -9.65616747912505 -8.712383007102828 
-2.067190388358736 -1.8576883796586736 -1.857267049551832 -1.4502400000000035 -8.30249520662227 -8.604769572854304 
-2.357987637174753 -2.3439871666182723 -2.3266712276645167 -2.273251840000004 -8.634494113362356 -9.576428682385783 
-2.493652502708219 -2.494686050272816 -2.495128594334486 -2.4965442326420257 -9.694801255068262 -10.314629725611942 
0.0 0.0 0.0 0.0 0.0 0.0 
-2.493652502708219 -2.495342858988982 -2.4949138785759097 -2.4957905466032675 -10.17634689902713 -9.495489662318626 
-2.470613438463995 -2.480201972261934 -2.4803404131126143 -2.481927657989363 -9.47316897779826 -9.4290773826046 
-2.3639511035052534 -2.3959003029422012 -2.3965085662829604 -2.363951103507216 -8.110320785434947 -8.404148028138678 
-2.482368062637499 -2.4857458548336577 -2.484027498117069 -2.482368062632639 -10.11413420488095 -10.14614667783473 
0.0 0.0 0.0 0.0 0.0 0.0 
-2.470613438295472 -2.4738279863553085 -2.475375081117666 -2.470613438284718 -6.845929572810408 -9.38280615298454 
-2.4823680630783986 -2.4864519681244643 -2.4868001238790542 -2.486992471653879 -10.006203447110797 -9.13849735260753 
-2.4510223974399983 -2.4653985011249784 -2.4632394128668995 -2.46978597268099 -10.383046980741266 -10.161822090673848 
-2.4823680630784013 -2.4867745332182944 -2.48649959874606 -2.489510312246277 -8.78574753424628 -9.655415456657675 
0.0 0.0 0.0 0.0 0.0 0.0 
0.8542504967739093 2.2128483102148673 2.5197247206646565 10.999999999999982 -3.0965841066562074 -2.0860061562642738 
-1.8701440062847543 -2.0742089267568975 -2.070120888529918 -2.1071395521508345 -6.716237083023745 -9.173683101951427 
-1.0237171995535732 -1.1835623477927335 -1.2168243088691386 -0.750400012323605 -5.436839168092091 -5.957203158266077 
-1.4502401199796973 -1.853869022380281 -1.8618760882418757 -1.9419729025932482 -6.124512575988311 -5.587819736105395 
0.0 0.0 0.0 0.0 0.0 0.0 
-2.4894208378470353 -2.493005640893711 -2.4945570856533714 -2.4926813943858086 -10.292295188565303 -10.532961049880033 
-2.418370662400001 -2.441931271045524 -2.447963836321798 -2.4443435145263734 -9.489504449923126 -10.578915570827517 
-2.4823680630783986 -2.4880469336819893 -2.491148052634599 -2.4867520829377354 -9.863218164666394 -10.404457759849631 
-2.47060106354666 -2.451015141556391 -2.418370662400001 -2.45101032969676 -11.446112100074746 -11.449329519178304 
0.0 0.0 0.0 0.0 0.0 0.0 
-2.4706047053043227 -2.451021313439732 -2.418370662400001 -2.451012704759709 -11.45034734406563 -11.448418919530837 
-2.281162483434268 -2.223654716630074 -2.1220864000000033 -2.2377816262015977 -9.33668887170957 -8.592701855177403 
-2.418370662400001 -2.441956427348081 -2.4539177294108265 -2.4455306686715934 -7.7381149107741845 -10.399116430943053 
-2.4894208378470406 -2.49217425372323 -2.4942258619524216 -2.492411273437534 -10.178468032269896 -10.190588532070157 
0.0 0.0 0.0 0.0 0.0 0.0 
-2.4823680630784013 -2.4871000431774575 -2.4898998039405296 -2.48675184110797 -7.745608130379478 -10.00025791258519 
-2.4706134380726703 -2.476776133685323 -2.470613438091814 -2.4746269451235396 -9.636070413925104 -7.740437490522819 
-2.41837066204218 -2.4350876200238174 -2.418370662071492 -2.4299400213397266 -9.74291563433673 -8.459443729350287 
-2.47061343776568 -2.476727681432543 -2.470613437832296 -2.4743076070227294 -9.673901148069085 -7.774861285175224 
0.0 0.0 0.0 0.0 0.0 0.0 
-1.4502400087207223 -1.8443169993052324 -1.8777595106821359 -1.8624305655584492 -3.6529298372214303 -6.12386500086636 
-0.05154323163878154 1.5870299310091824 5.599999999999985 1.039326991943506 -3.376966151567152 -3.644206163122468 
-1.577825302512064 -1.8228681057453375 -1.845051252939158 -1.8202611152077413 -3.50849402159968 -1.937282878283776 
-0.7820966964271745 -0.9618841524794071 -0.9168799005576258 -0.9044016736203976 -1.0 -1.9060000000000001 
0.0 0.0 0.0 0.0 0.0 0.0 
-2.493652502708202 -2.495620176032794 -2.496710255066726 -2.4936525027082 -8.725396847259425 -10.69032776137683 
-2.451022397439948 -2.4633275615606 -2.472919452640274 -2.4510223974399366 -9.685064239837104 -9.481607002118754 
-2.4894208378470295 -2.4919631812710494 -2.493294213731714 -2.4894208378470286 -9.665247336354188 -10.690946993744154 
-2.4510214859434662 -2.4183699312499405 -2.3639511040000043 -2.4510208850354274 -11.418344075171467 -11.418318563288674 
0.0 0.0 0.0 0.0 0.0 0.0 
-2.4510214736652545 -2.418369778859405 -2.3639511040000043 -2.4510040102566237 -11.418348199045774 -11.418358499042947 
-2.2732511553910024 -2.1220855713067244 -1.870144000000003 -2.273251254857552 -11.122007821268731 -11.122022886875563 
-2.451022397439974 -2.4623917234538144 -2.4681284405027664 -2.451022397439973 -8.344901249937617 -8.441091531657774 
-2.49365250270821 -2.4947579042493637 -2.4957754536154813 -2.4936525027082093 -10.048068151960978 -9.874533143800132 
0.0 0.0 0.0 0.0 0.0 0.0 
-2.489420837846954 -2.4925756148325555 -2.4917590945564556 -2.4894208378469607 -9.849137660099718 -9.801116609773604 
-2.4510223974399983 -2.4625137789889986 -2.4740296748865767 -2.468782764725154 -10.25112974149437 -9.022708432388754 
-2.363951103999998 -2.38805573157592 -2.436313490231332 -2.4126355871489396 -9.968179672758085 -10.132565756742514 
-2.451022397440001 -2.4658368117437477 -2.473186794621662 -2.47254820287309 -10.14724549444066 -10.909704692741474 
0.0 0.0 0.0 0.0 0.0 0.0 
-1.870144000000003 -2.122086376613602 -2.2732518023143427 -1.8701441755413686 -11.122082356059412 -11.122084490037693 
2.3599999999999888 5.599999999999985 10.999999999999982 2.3599999999999888 -3.4000000000000092 -3.4000000000000092 
-1.870144000000003 -2.025214998092692 -2.096474710640134 -1.9970808522232697 -7.127926992511725 -9.224563104593845 
0.41599999999994447 -0.8448230348393047 -1.309796461266614 -1.2915896606965627 -4.009262560123453 -1.0 
0.0 0.0 0.0 0.0 0.0 0.0 
-2.49619150142256 -2.4966955614752395 -2.4968755128637032 -2.496191501417576 -7.708505109563594 -10.041418068021871 
-2.4706134376751545 -2.4758234497636504 -2.4727731511898523 -2.470613437746064 -9.496165352269843 -8.115024363779519 
-2.4936525025879286 -2.494417373028958 -2.4946072103651247 -2.4936525025773215 -8.45742668307631 -8.700037989499616 
-2.418370647926072 -2.3639510981522305 -2.363951081021349 -2.4183706576269692 -2.273251840000004 -11.363949292773796 
0.0 0.0 0.0 0.0 0.0 0.0 
-2.4183706282858783 -2.3639511019729773 -2.3639511014421246 -2.418370642512256 -2.273251840000004 -11.363948897121539 
-2.122086387730862 -1.8701439870553072 -1.8701439797582833 -2.1220863341930194 -1.4502400000000035 -10.870143276973703 
-2.4706134378816094 -2.476111872549731 -2.472704303014866 -2.4706134378412745 -6.8202926049058 -9.042336391842278 
-2.4961915014355034 -2.4964827913038103 -2.497155368561511 -2.4961915014291978 -10.283629751603943 -10.523011619972529 
0.0 0.0 0.0 0.0 0.0 0.0 
-2.4936525003587846 -2.4947506344908614 -2.4943595674401275 -2.4936525004495165 -8.470714243235056 -10.539446737275716 
-2.4706134377555133 -2.47673688182368 -2.4767425234287574 -2.470613437808982 -7.309090426055122 -9.487665288395144 
-2.4183706606981823 -2.433296216339779 -2.4297318660870597 -2.4183706608528066 -8.66804738340349 -8.109563526087452 
-2.4706134380124687 -2.4759399477195947 -2.4752006853602704 -2.4706134380275673 -9.234387575343982 -9.57217573849206 
0.0 0.0 0.0 0.0 0.0 0.0 
-2.1220864111940636 -2.2732518247731615 -2.273251826679136 -2.1220864000000033 -11.273251756094034 -2.3639510683925327 
5.599999999999985 10.999999999999982 10.999999999999982 5.599999999999985 1.9999999999999902 19.999999999999986 
-2.1220864000000033 -2.2732518262026296 -2.273251796610046 -2.1220864494476053 -11.273251077451933 -2.3639510769029086 
-0.7504000000000046 -1.4502399869012794 -1.4502399964454815 -0.7504008217300051 -10.450236372346716 -1.870143980068811 
0.0 0.0 0.0 0.0 0.0 0.0 
-2.45102235068566 -2.3639511040000043 -2.45102204291994 -2.4183706606476427 -11.418369966886235 -11.418370532435787 
-2.122086029590598 -1.4502400000000035 -2.1220863176068776 -1.8701439771263892 -10.870125179967477 -10.870131615372621 
-2.4183705770116735 -2.273251840000004 -2.4183704535758386 -2.3639510801608656 -11.363950543683073 -11.36393791281309 
-2.493652502708219 -2.4953388641078846 -2.493652502708219 -2.4939911426060353 -10.430510905935991 -9.679876817358224 
0.0 0.0 0.0 0.0 0.0 0.0 
-2.493652502708217 -2.496005597005062 -2.493652502708217 -2.495565420100305 -9.718988523673286 -10.974960922173395 
-2.4706134384639924 -2.479226218132487 -2.4706134384639924 -2.4759997884199807 -9.87099969794284 -9.285416192404284 
-2.1220864000000033 -2.33152586034179 -2.345303343694735 -2.26566610574397 -10.525661303464224 -10.860912023665822 
-2.4510223974400045 -2.477219780599005 -2.4802926198540463 -2.4685698430119665 -10.423092220808734 -10.162271788394014 
0.0 0.0 0.0 0.0 0.0 0.0 
-2.4183706624000045 -2.46809762783719 -2.4682308407722293 -2.4493341731735154 -10.83042640990021 -11.15274350971994 
-2.482368063078392 -2.491740469895378 -2.4823680630783924 -2.487297561715102 -10.000701257567862 -8.733172380954539 
-2.4510223974399343 -2.4698061261757993 -2.451022397439927 -2.4583693260095156 -9.47481628428384 -8.130245539243765 
-2.4823680630783187 -2.491695779985367 -2.4823680630783187 -2.485442307121573 -9.697060959429152 -9.869543615035688 
0.0 0.0 0.0 0.0 0.0 0.0 
2.3599999999999888 10.999999999999982 2.3599999999999888 5.599999999999985 -3.4000000000000092 -3.4000000000000092 
-1.870144000000003 -2.2732515431336906 -1.8701440075058486 -2.122086393143952 -11.122080905312298 -11.122081939931876 
2.3599999999999888 -0.7504000002815835 -0.750400042330559 0.41599990385312136 -8.583998614188516 -8.58399874822343 
-1.4502400000000035 -2.1220863127941265 -1.4502402126637186 -1.8701439400631539 -10.870143280562512 -10.87014341716992 
0.0 0.0 0.0 0.0 0.0 0.0 
-2.470612042744493 -2.418370662752098 -2.4510203647624627 -2.418370662400001 -11.450999926044982 -11.450979221569687 
-2.273250298987927 -1.870144394600578 -2.1220838583362034 -1.870144000000003 -11.121942460117019 -11.121991568374865 
-2.4510221130393886 -2.363951188033983 -2.418370386818803 -2.3639511040000043 -11.418143718266416 -11.418342791429652 
-2.4894208378470353 -2.494929318376606 -2.4929241154370447 -2.495591677526626 -11.123708398059378 -10.612187270646062 
0.0 0.0 0.0 0.0 0.0 0.0 
-2.4894208378470353 -2.4957910063256215 -2.493271796225068 -2.4955529431545873 -10.83792242533811 -11.22498567186119 
-2.4510223974399956 -2.4781790302525657 -2.4667711548258104 -2.4805743100162694 -11.102161445911737 -10.85238458671704 
-2.2732518400000004 -2.387338624588826 -2.3359322585367517 -2.2732518400000004 -9.547933375916562 -9.752305227467582 
-2.4706134384640004 -2.4763457412737697 -2.476756800422626 -2.4706134384640004 -10.5882781938487 -10.700976103533856 
0.0 0.0 0.0 0.0 0.0 0.0 
-2.451022397440001 -2.468827211530505 -2.4641505986762975 -2.451022397440001 -10.030986349329687 -9.848419259825624 
-2.4706134384640004 -2.4882635840932408 -2.4812091075941423 -2.4875745013124466 -10.858648367905818 -10.813821352107185 
-2.418370662400001 -2.467163201222164 -2.4474495519888673 -2.4673147310201484 -11.182671234724967 -10.8913087567849 
-2.470613438464005 -2.4869581726321095 -2.4810960248352467 -2.4870734416681053 -11.025936713954032 -9.666159557693273 
0.0 0.0 0.0 0.0 0.0 0.0 
0.06135355187480487 3.903996826647919 1.9788525430486494 5.599999999999985 -5.047856800457973 -6.19019009706966 
-1.4502400000000035 -2.076280425102979 -1.8786955452448777 -2.0308911848716007 -10.085815678117429 -7.426113250096309 
0.41599999999999304 -1.2249728858790467 -0.8747807649056322 -0.07725911825194287 -6.378521356849901 -8.021696985343873 
-0.7504000000000046 -1.8105671695368197 -1.4972084336065044 -1.8288374134595322 -8.88356021571936 -8.042281129048954 
0.0 0.0 0.0 0.0 0.0 0.0 
-2.482368063078396 -2.4920067429323534 -2.4924100596686682 -2.4886049223759166 -11.184771720009829 -11.191591589280092 
-2.3639511040000043 -2.44781550149493 -2.447568291643531 -2.415953132087595 -10.801400796702694 -10.232627004610283 
-2.4706134384640004 -2.4885712618669835 -2.487064947240618 -2.481325143975955 -11.25938440230129 -11.172382066027035 
-2.4823628813497773 -2.4510223974399983 -2.4510223974399983 -2.470610695817312 -11.468905243270719 -11.468708584438815 
0.0 0.0 0.0 0.0 0.0 0.0 
-2.4823662466325396 -2.4510223974399983 -2.4510223974399983 -2.4705505050169276 -11.462088812630187 -11.469874613445567 
-2.4182590004149622 -2.273251840001477 -2.2732518400000004 -2.3638651715236594 -11.361571602150065 -11.362828205138168 
-2.3639511040000043 -2.4442744508643712 -2.4468614021088415 -2.4147360530884803 -11.218144186814477 -10.96802953617149 
-2.482368063078405 -2.4927524664620826 -2.4930054889337234 -2.488885392517008 -10.866712872224983 -11.289221889254165 
0.0 0.0 0.0 0.0 0.0 0.0 
-2.470613438464005 -2.4877037066078658 -2.4878818781957803 -2.4819618181106016 -11.14698981996992 -11.074772728461374 
-2.451022397439999 -2.46283334372323 -2.4510223974399983 -2.462664302189694 -9.637869983453609 -10.027960277027068 
-2.363951103999999 -2.419356968881993 -2.363951103999998 -2.395793418025436 -10.126963970633225 -8.718399961310896 
-2.451022397440001 -2.4699936745335695 -2.451022397440001 -2.463984774444684 -10.031689623710328 -9.636356456536364 
0.0 0.0 0.0 0.0 0.0 0.0 
-0.7504000000000046 -1.8261491094638767 -1.7632169093185595 -1.492518220951988 -7.170970839411118 -8.900320765231188 
-0.7376241646223738 1.6862637636411522 2.3599999999999888 -0.015413076476081589 -6.699852097647973 -6.504873201817706 
-0.7504000000000046 -1.8113489530460405 -1.7255406138305325 -1.5610587570010812 -8.309796062212698 -8.319688261877108 
-0.3179242631240172 -1.1368106948054633 0.41599999999999304 -0.7794807682666807 -5.1416264778677565 -5.118360249538813 
0.0 0.0 0.0 0.0 0.0 0.0 
-2.4894208378470353 -2.493598494003386 -2.4950368491828447 -2.4894208378470353 -10.92597815255895 -10.71752107199523 
-2.418370662400001 -2.4602244464385783 -2.4618373578313437 -2.418370662400001 -10.87174258164128 -10.405171928289587 
-2.4823680630783986 -2.490576580293872 -2.491328928534344 -2.4823680630783986 -9.700110973000811 -10.52677925526644 
-2.4673767095601966 -2.418370662400001 -2.418370662400001 -2.4691550833929794 -11.254848958487438 -11.210753671691933 
0.0 0.0 0.0 0.0 0.0 0.0 
-2.4689402189198932 -2.418370662400001 -2.418370662400001 -2.468052627650129 -11.25611607327922 -11.037516087331063 
-2.3639234860188125 -2.1220864000000033 -2.122087244288243 -2.3639316050993506 -11.272829805020928 -11.272935103510232 
-2.418370662400001 -2.4622687197198263 -2.46221713770012 -2.418370662400001 -10.494022383663149 -10.24414217789661 
-2.4894208378470406 -2.4950314615697318 -2.4955557922786564 -2.4894208378470406 -11.035618343693692 -10.51307197346986 
0.0 0.0 0.0 0.0 0.0 0.0 
-2.4823680630784013 -2.4919624086649486 -2.49113542637972 -2.4823680630784013 -10.975598310459409 -10.302319528363553 
-2.418370662400001 -2.4695732143702673 -2.4691232212238843 -2.4666474477885587 -11.232389725793006 -11.109480050685358 
-2.2732518400000004 -2.412906955205864 -2.4069553561095263 -2.411077131149 -11.207870074504244 -11.235885692588951 
-2.4183706624000045 -2.4673654362042874 -2.4680381788652683 -2.4694603622564557 -11.302977623546761 -11.236183185614792 
0.0 0.0 0.0 0.0 0.0 0.0 
-1.4502400000000035 -2.122086359939964 -2.1220863945465536 -1.4502400206269812 -10.87014392055428 -10.870143691671968 
0.41599999999999304 5.599999999999985 5.599999999999985 0.41599999999999304 -6.640000000000006 -6.640000000000006 
-1.4502400000000035 -2.1220863985933063 -2.122086340165049 -1.450240231498256 -10.870143936245611 -10.870143921489001 
2.3599999999999888 -0.7504000077589355 -0.7504000006132372 -0.7504000249836883 -8.583999902622327 -8.58399968085157 
0.0 0.0 0.0 0.0 0.0 0.0 
-2.493652502708208 -2.496083700222424 -2.495690107894406 -2.4936525027082066 -9.84337711063309 -9.890037805671435 
-2.4510223974399503 -2.467306407293703 -2.4605063737930335 -2.451022397439945 -7.672096111565656 -8.984733346222193 
-2.48942083784699 -2.492804625368952 -2.491982438113359 -2.489420837846994 -9.682630133707939 -9.875343751216777 
-2.4482967034964505 -2.3639511040000043 -2.4179721571153894 -2.450460575179133 -11.373730382030464 -11.39728334525155 
0.0 0.0 0.0 0.0 0.0 0.0 
-2.450689413996987 -2.3639511040000043 -2.4180453306585834 -2.450659821593457 -11.334539716274964 -11.222335222746414 
-2.267534612083973 -1.870144000000003 -2.1210933329872037 -2.2654920508356824 -10.910747915480082 -11.049632972539031 
-2.451022397439954 -2.466745723667591 -2.4538723908845514 -2.4510223974399494 -9.856785442509636 -6.862467257051526 
-2.4936525027082044 -2.4953914473029024 -2.4951271924659073 -2.4936525027082035 -9.852398292636146 -10.032164012959594 
0.0 0.0 0.0 0.0 0.0 0.0 
-2.4894208378470073 -2.4922914996289105 -2.4910950569562327 -2.489420837847007 -9.300526981524868 -9.018123025746462 
-2.4510223974399876 -2.4658090136395208 -2.463896514083533 -2.4510223974399867 -8.437454045013098 -10.250335626968539 
-2.363951103999885 -2.41850837846414 -2.4005767022428244 -2.3639511039998937 -8.962447229011216 -8.719810024445248 
-2.4510223974399903 -2.4691756933856333 -2.4606681467389024 -2.451022397439991 -10.245035756161064 -9.472856291002794 
0.0 0.0 0.0 0.0 0.0 0.0 
-1.9263506679496865 -2.0173908992449783 -2.030658909554144 -1.870144000000003 -7.1401434100206895 -8.21573451300305 
2.1433741076343367 10.999999999999982 5.175979243056776 2.176505274345954 -3.3293498377725332 -3.348396395398736 
-1.8701441040801423 -2.27325177244152 -2.1220863362700912 -1.870144000000003 -11.122085732893662 -11.122085798718633 
0.4159982632135751 -1.4502398447084774 -0.7504000440762205 0.41599999999999304 -9.750399668090934 -9.750399955224987 
0.0 0.0 0.0 0.0 0.0 0.0 
-2.469288200368906 -2.4183706624000045 -2.4683085712829387 -2.4502044657247346 -11.153133958929194 -11.036523035140888 
-2.229275148034341 -1.870144000000003 -2.255069739211798 -2.1116631325877067 -8.787717316062272 -10.519215097992623 
-2.4455616505445663 -2.3639511040000043 -2.444699836948364 -2.4098876840417534 -11.145780946106983 -11.088902096572978 
-2.495460271150111 -2.495880112306964 -2.4894208378470353 -2.4933140309972925 -11.219811336295212 -11.15229225862392 
0.0 0.0 0.0 0.0 0.0 0.0 
-2.4958261826474972 -2.4957474874264842 -2.4894208378470353 -2.493520515778933 -10.98096497146933 -11.33093035005038 
-2.4793616856870724 -2.478634069094654 -2.4510223974399956 -2.4691103332713134 -11.10147658470626 -11.019801071878733 
-1.870144000000003 -2.2732518223393963 -2.273251717042366 -2.1220862399798355 -11.122080917594493 -11.122076035006618 
-2.4183706624000045 -2.4706134362264405 -2.470613418538497 -2.451022381597002 -11.451020532177454 -11.451017192954572 
0.0 0.0 0.0 0.0 0.0 0.0 
-2.3639511040000043 -2.451022173958155 -2.4510223863181446 -2.418370656694157 -11.418367267187934 -11.418369465255292 
-2.487179626036669 -2.488342417308576 -2.4706134384640004 -2.4815107907898315 -11.18697094916958 -11.305960204475909 
-2.4653979773686125 -2.458316443671601 -2.418370662400001 -2.4455601987057323 -10.27786244594186 -10.999475594930782 
-2.4871220412049553 -2.4876047071620446 -2.4706134384640004 -2.4810751504166575 -11.070574038010106 -10.85690539765033 
0.0 0.0 0.0 0.0 0.0 0.0 
0.41599999999999304 5.599999999999985 0.41599999999999304 2.3599999999999888 -6.640000000000006 -6.640000000000006 
-2.1220863999999997 -2.1220863999999624 -1.4502400000000035 -1.870144000000003 -10.870143999999923 -10.870143999999867 
5.599999999999985 0.41599999999999304 0.41599999999999304 2.3599999999999888 -6.640000000000006 -6.640000000000006 
-1.870143999999992 -1.8701440000000011 -0.7504000000000046 -1.4502400000000413 -10.450239999999981 -10.45023999999869 
0.0 0.0 0.0 0.0 0.0 0.0 
-2.482366558128545 -2.4510223974399983 -2.4823678864742664 -2.451022397440001 -11.470592687977883 -11.4705879213261 
-2.3639473453806388 -2.1220864000000033 -2.3639495103576316 -2.1220864767199368 -11.273194386370278 -11.27294595252064 
-2.4706129376420902 -2.4183706624000045 -2.470612838103404 -2.4183706916712313 -11.450963304987113 -11.450949082483945 
-2.4936048442569874 -2.4935712142261917 -2.482368063078396 -2.493619070979337 -11.469806144879549 -11.469470413096818 
0.0 0.0 0.0 0.0 0.0 0.0 
-2.4936376252093195 -2.49355640059398 -2.482368063078396 -2.4936303028164857 -11.470133636929315 -11.405395020430237 
-2.4704511374890474 -2.4705169088793597 -2.4183706623999965 -2.469947308593993 -11.441651312056434 -11.4337785073056 
-2.3639503655256 -2.363948743660336 -2.3639495023827637 -2.1220864000000033 -11.273200358596702 -11.272674745809395 
-2.4823671888031797 -2.482366289192682 -2.4823679847967393 -2.4510223974400045 -11.470445087290354 -11.470258839706373 
0.0 0.0 0.0 0.0 0.0 0.0 
-2.4706132067507243 -2.4706130034827543 -2.470613409382982 -2.4183706624000045 -11.45099432644215 -11.451021434954464 
-2.482309657423719 -2.4822327048791117 -2.4510223974400045 -2.4822801630364197 -11.312962404370413 -11.457870149382702 
-2.450964650429345 -2.4507677131869237 -2.3639511040000043 -2.4504206422524755 -11.401301680335688 -11.388812247115789 
-2.482268300062306 -2.4818978162886083 -2.4510223974400045 -2.4823154969039973 -11.46227786921143 -11.424924892000726 
0.0 0.0 0.0 0.0 0.0 0.0 
-0.7504000000000978 2.3599999999986707 -0.7504000000000046 2.3599999999999888 -8.58399999999994 -8.583999999998571 
-1.870144000000073 -1.870144000000003 -0.7504000000000046 -1.8701440000000011 -10.450239999999958 -10.450239999999985 
-0.75040000000002 -0.75040000000003 -0.750400000000005 2.3599999999999888 -8.58399999999996 -8.58399999999999 
-1.4502400000001607 -1.4502400000000035 0.41599999999999304 -1.4502399999999935 -9.750399999999996 -9.750399999999432 
0.0 0.0 0.0 0.0 0.0 0.0 
-2.4894205630103583 -2.4894147072769104 -2.4894171959429556 -2.470613438463997 -11.481528690453441 -11.481620573593217 
-2.418366481352634 -2.4183565342091695 -2.418338546637322 -2.273251840000004 -11.363781169312984 -11.362712560890653 
-2.482324251950316 -2.482357971215573 -2.482329606857453 -2.4510223974400045 -11.469498198408159 -11.470357404954687 
-2.489408073019766 -2.470613438463997 -2.470613438463997 -2.489413981311317 -11.48210864103949 -11.48197734808734 
0.0 0.0 0.0 0.0 0.0 0.0 
-2.4894184853205674 -2.470613438463997 -2.470613438463997 -2.489420102742982 -11.480255355294265 -11.481251120762442 
-2.450958848984811 -2.363951103999998 -2.363951103999998 -2.4509832614962828 -11.405716464005112 -11.417364357198283 
-2.4183500600157286 -2.4183567623649127 -2.4183692853034517 -2.273251840000004 -11.362541197233433 -11.363671377655098 
-2.4894176228125313 -2.489417292656504 -2.4894194906922396 -2.470613438464005 -11.480204041898409 -11.479971562213073 
0.0 0.0 0.0 0.0 0.0 0.0 
-2.4823624520174006 -2.482365676159087 -2.4823625463984675 -2.4510223974400045 -11.47017196880339 -11.469866180192748 
-2.4705671786022467 -2.470611534314355 -2.4183706624000045 -2.4705748167103208 -11.449648643765027 -11.45085500887952 
-2.418367055591005 -2.4183627057941695 -2.273251840000004 -2.418353596482143 -11.36313453659107 -11.362720234464138 
-2.470610203842144 -2.470610110700768 -2.4183706624000045 -2.470608211341467 -11.44279392306462 -11.450854412296854 
0.0 0.0 0.0 0.0 0.0 0.0 
-1.450240000000043 -1.4502400000000035 -1.4502399999999975 0.41599999999999304 -9.750399999999765 -9.750399999999996 
-1.4502400000001066 0.41599999999980464 0.41599999999999304 -1.4502400000000009 -9.750399999998804 -9.75039999999963 
-1.4502400000000324 -1.4502400000000069 -1.4502400000000017 0.41599999999999304 -9.75039999999996 -9.750399999999871 
-0.7504000000008852 -0.750400000000024 2.3599999999999888 -0.7504000000000056 -8.583999999999335 -8.583999999998735 
0.0 0.0 0.0 0.0 0.0 0.0 
-2.49359900816228 -2.493578489197577 -2.493567043286665 -2.482368063078396 -11.438883016117519 -11.433696594624903 
-2.450592121867045 -2.450773375120912 -2.4496932932397657 -2.3639511040000043 -11.39415964380884 -11.400693326802218 
-2.4893629861821864 -2.489178987810739 -2.489339698373356 -2.4706134384640004 -11.460758311698799 -11.464987547868844 
-2.4794453054723555 -2.4510223974399983 -2.4510223974399983 -2.4792348477414317 -10.416975716506702 -10.28507187417999 
0.0 0.0 0.0 0.0 0.0 0.0 
-2.477912381512475 -2.4510223974399983 -2.4510223974399983 -2.4808574564068007 -10.52565243818953 -10.141616571516419 
-2.396897725565559 -2.2732518400000004 -2.2732518400000004 -2.40827046458278 -10.9516729181715 -10.605885656759744 
-2.4508006746852997 -2.4508552964760777 -2.450678135051078 -2.3639511040000043 -11.394733909649036 -11.38225508597473 
-2.4935737423590387 -2.493619906643576 -2.493623882050453 -2.482368063078405 -11.4524384624027 -11.472003753504096 
0.0 0.0 0.0 0.0 0.0 0.0 
-2.4893222721376786 -2.4893340337077046 -2.4893560360997435 -2.470613438464005 -11.441625861637815 -11.43297742056981 
-2.3639511040000043 -2.4510223403912303 -2.4510223538267533 -2.4510222272788016 -11.418365964147862 -11.418348289389051 
-2.1220864000000033 -2.363950560754673 -2.363950726898994 -2.3639508052054072 -11.273246641870143 -11.273199986360531 
-2.3639511040000043 -2.4510223611338686 -2.45102221850689 -2.45102232085022 -11.418352513021828 -11.418368197273733 
0.0 0.0 0.0 0.0 0.0 0.0 
-1.8701440000000011 -1.8701440000000011 -1.8701440000003993 -0.7504000000000046 -10.450239999999239 -10.450239999999887 
-0.7504000000000046 2.3599999999999888 2.3599999999999888 -0.7504000000000037 -8.584 -8.584 
-1.8701439999999854 -1.8701440000000011 -1.870144000000003 -0.7504000000000046 -10.450239999999058 -10.450239999999987 
5.599999999999985 0.41599999999999304 0.41599999999999304 0.41599999999999304 -6.640000000000006 -6.640000000000006 
0.0 0.0 0.0 0.0 0.0 0.0 
-2.4951458496284835 -2.495079787340846 -2.492757624231608 -2.4894208378470353 -10.786892357328663 -10.921070371545676 
-2.4616864459532564 -2.463748099864505 -2.441930655862438 -2.418370662400001 -10.499270624870928 -10.269161587823021 
-2.490716520793981 -2.4919549723451095 -2.487985096881416 -2.4823680630783986 -10.718654476084371 -9.487269950543041 
-2.469047563907405 -2.418370662400001 -2.4492848028467904 -2.4677169161223556 -11.078205256209948 -11.25376934102237 
0.0 0.0 0.0 0.0 0.0 0.0 
-2.468369530727937 -2.418370662400001 -2.4497723939192793 -2.469209548470758 -11.30795519711038 -11.346643241433465 
-2.355128224660039 -2.1220864000000033 -2.2622860529148414 -2.3551468670992346 -11.131486189659716 -11.038390424249275 
-2.4574476843358277 -2.4590097451219486 -2.4465431485420517 -2.418370662400001 -8.122533239337844 -10.368089958506983 
-2.4946889770134075 -2.4952659270526976 -2.492313002186716 -2.4894208378470406 -10.049252305448492 -11.1606115191907 
0.0 0.0 0.0 0.0 0.0 0.0 
-2.491044857611856 -2.4918005653444815 -2.487885333205898 -2.4823680630784013 -10.418512477484253 -10.419157629169849 
-2.4183706623999983 -2.4566581440591775 -2.441790384277551 -2.4183706623999988 -10.143042161195652 -9.468967344862133 
-2.2732518399999977 -2.352131772350353 -2.3455502642093067 -2.273251839999998 -8.655173738973154 -10.409580661133747 
-2.418370662400001 -2.450654592811503 -2.439571511426822 -2.418370662400001 -9.993389717037045 -10.598666865778887 
0.0 0.0 0.0 0.0 0.0 0.0 
-1.9700534634134836 -1.8680031491550089 -1.8603604182036217 -1.4502400000000215 -4.370705084154531 -5.617685153972589 
0.12781887558766764 5.599999999999985 1.9114514904323934 0.25145293660765705 -5.623713533430312 -5.648443164689792 
-2.0461850004313775 -2.0162303504351233 -1.8713868846410027 -1.4502400000000035 -7.403737298344764 -5.639508512050868 
1.0868307761236848 -0.6746908790295465 -0.015466926923404005 2.3599999999999888 -6.266623168626455 -4.956761580533052 
0.0 0.0 0.0 0.0 0.0 0.0 
-2.473142692101466 -2.451022397440001 -2.466259676584311 -2.4653855184899687 -10.292288859210238 -9.818738079829526 
-2.2905185871121945 -2.1220864000000033 -2.228868923963346 -2.2119665903604893 -9.516560989197272 -8.638307533434487 
-2.4498882706994225 -2.418370662400001 -2.440755365288223 -2.439700046240034 -10.512722154187827 -10.007118745712031 
-2.4963570234370795 -2.493652502708219 -2.495556829856073 -2.4956793647235895 -10.302860004559175 -11.023635305246522 
0.0 0.0 0.0 0.0 0.0 0.0 
-2.496316039828799 -2.493652502708219 -2.4954898097605924 -2.4957840055825833 -10.708535598982447 -10.42042476552325 
-2.4834751038198872 -2.470613438463995 -2.4796757087345105 -2.4801760843056537 -10.142286526660698 -9.80455933644806 
-1.4502400000000035 -2.122086200411709 -1.870143998338248 -1.8701439998065459 -10.870142141317439 -10.870143772718944 
-2.3639511040000043 -2.4510223936840068 -2.418370659479889 -2.4183706457000502 -11.418366849491052 -11.418367166286643 
0.0 0.0 0.0 0.0 0.0 0.0 
-2.273251840000004 -2.4183706501027484 -2.3639511036313876 -2.363951102417962 -11.363950338759787 -11.363950318805859 
-2.490990708691563 -2.4823680630783986 -2.4872233558763064 -2.4879021388383347 -10.717464800952902 -9.888152634411442 
-2.4677298642850807 -2.4510223974399983 -2.4642159064703946 -2.4634340088823796 -8.728593064659282 -7.3250403181144526 
-2.4904080558084036 -2.4823680630783986 -2.486833316785499 -2.487877904129209 -10.620423331853566 -10.035706928714811 
0.0 0.0 0.0 0.0 0.0 0.0 
-0.7503999668280442 2.3599999999999888 0.4159999409976498 0.4159998478876762 -8.583999859760418 -8.583999907986316 
-2.2732518051713595 -1.870144000000003 -2.122086399989542 -2.122086400023223 -11.122085962936728 -11.122086247391522 
10.999999999999982 2.3599999999999888 5.599999999999985 5.599999999999985 -3.4000000000000092 -3.4000000000000092 
-2.12208635219794 -1.4502400000000035 -1.8701440212115168 -1.870144174704057 -10.870143354381108 -10.870140502664702 
0.0 0.0 0.0 0.0 0.0 0.0 
-2.4869450482387676 -2.470613438463997 -2.4885245931614843 -2.481963189787734 -11.094813146171498 -11.024172694311059 
-2.4147159953679784 -2.273251840000004 -2.3881451916335505 -2.354191296800096 -10.99490929208835 -10.752603287232892 
-2.479203429168459 -2.451022397440001 -2.4799860320171416 -2.469410709422096 -10.833064920875094 -11.012578193546343 
-2.494204815476388 -2.4894208378470353 -2.4894208378470353 -2.4920155023483206 -9.50777691066326 -9.846635657455705 
0.0 0.0 0.0 0.0 0.0 0.0 
-2.4945888250910064 -2.4894208378470353 -2.4894208378470353 -2.492779579954722 -8.764309687754668 -9.286107093232134 
-2.472321357129186 -2.4510223974399956 -2.4510223974399956 -2.463315892486432 -8.113772487368651 -10.48608317142449 
-2.402343243152333 -2.273251840000004 -2.393030106308788 -2.35318250840074 -10.595440061603595 -10.598741607441534 
-2.4881065925469956 -2.470613438464005 -2.488065508595658 -2.47936533149854 -11.144670463208094 -9.419906270714494 
0.0 0.0 0.0 0.0 0.0 0.0 
-2.4778301698578225 -2.4510223974400045 -2.4803627223018925 -2.4686162276472072 -11.017438078682494 -11.003389781016697 
-2.485411451456105 -2.470613438463991 -2.4706134384639915 -2.4761007981761622 -10.424269471524045 -7.341606655341521 
-2.457578743133895 -2.418370662399999 -2.4183706623999983 -2.4364910354955907 -10.249694969507061 -10.00385044893207 
-2.4842472117287144 -2.4706134384640004 -2.4706134384640004 -2.473747403442425 -9.873052112585565 -8.987757442627789 
0.0 0.0 0.0 0.0 0.0 0.0 
-1.293070013379342 0.4159999999999899 -1.3068493809595527 -0.9183207270768927 -5.151433763416015 -4.64772298137921 
-1.6837582557687774 -1.4502400000000064 -1.5253108250513139 -1.6690895261902958 -6.573853547672985 -6.597947439885794 
-1.4216849983380142 0.41599999999999243 -1.3492132885107955 -1.1137615977682864 -6.042237918000395 -6.732456552258961 
-1.4287576938171658 -0.7504000000000133 -0.9911482439987889 -1.3195402748724034 -7.47988647811391 -5.423659889764379 
0.0 0.0 0.0 0.0 0.0 0.0 
-2.48794835245853 -2.482368063078396 -2.487257282576789 -2.482368063078396 -9.452551313609785 -9.887878812558746 
-2.411381818325133 -2.3639511040000007 -2.405484814085935 -2.3639511040000007 -9.429238260766002 -8.105914518321262 
-2.48037782496505 -2.4706134384639995 -2.4778353880577444 -2.4706134384639986 -10.430985485551995 -8.76464649263678 
-2.491416340372104 -2.482368063078396 -2.488938763106734 -2.4930555700523733 -10.725333468157206 -11.243108566864523 
0.0 0.0 0.0 0.0 0.0 0.0 
-2.490999666792364 -2.482368063078396 -2.4889387900895805 -2.4909605627550846 -10.440884925537572 -10.615051169680484 
-2.4658717082991592 -2.4183706623999965 -2.4484341072434193 -2.467422045407095 -11.035413516067734 -10.894446404753406 
-2.4183406104418155 -2.3639511040000007 -2.408918992068867 -2.3639511040000007 -8.978415167298056 -9.460162349744403 
-2.488340068559588 -2.4823680630784013 -2.4858260278028217 -2.4823680630784013 -10.317805818858796 -10.051583004139202 
0.0 0.0 0.0 0.0 0.0 0.0 
-2.4799867037396557 -2.4706134384640004 -2.4786325446600497 -2.4706134384640004 -9.048704043119004 -9.815561575089347 
-2.480529309100417 -2.451022397440001 -2.465951291805941 -2.477443326677452 -11.10014318157468 -10.307263876061766 
-2.4467455672771363 -2.3639511040000007 -2.4138046519553518 -2.444922711447668 -10.646992824799325 -11.180919712664252 
-2.4762444556621586 -2.4510223974400045 -2.466726899609117 -2.478518703403778 -10.705854592536026 -11.248641884533608 
0.0 0.0 0.0 0.0 0.0 0.0 
-1.4622899430122682 -0.7504000000000067 -1.3537209757816366 -1.049304343613954 -3.5593932726481934 -7.170357975788517 
-1.7195644886365795 -0.7504000000000096 -1.430118036490281 -1.5672600405656876 -4.261106629338034 -4.276320805035239 
-1.5089336614463549 -0.7504000000000054 -1.3895784459349643 -1.1011244782084975 -6.391649218028183 -5.951736356706971 
-1.4693642851444435 0.4159999999999567 -0.9600733157259006 -1.2792464793755574 -5.610944940672115 -2.7390400040714304 
0.0 0.0 0.0 0.0 0.0 0.0 
-2.4957118931944593 -2.4894208378470353 -2.4956232124716418 -2.4934270040479647 -10.868827135411001 -11.121186479381631 
-2.467077443775072 -2.418370662400001 -2.4625481079897185 -2.448167806422347 -10.832876693995443 -10.893611555250855 
-2.4909889393133637 -2.4823680630783986 -2.493011589023835 -2.4888153351393933 -10.541619092676559 -11.179660283900448 
-2.482857239711352 -2.470613438463997 -2.4706134384639964 -2.478226620336029 -9.271683069419558 -8.763860944758942 
0.0 0.0 0.0 0.0 0.0 0.0 
-2.4850533378777526 -2.470613438463992 -2.470613438463992 -2.477799939832856 -8.925634215706266 -8.126772990128766 
-2.408351017699841 -2.3639511039999244 -2.363951103999926 -2.4022777085731706 -8.864126894451083 -7.71426992792161 
-2.468016090128921 -2.418370662400001 -2.4670886239559207 -2.4466304871666225 -11.151672207052691 -10.991391805580083 
-2.4956263530061045 -2.4894208378470406 -2.4955777221988944 -2.492948586454744 -10.902622895227141 -10.316264275130123 
0.0 0.0 0.0 0.0 0.0 0.0 
-2.4927277521211777 -2.4823680630784013 -2.492626976788167 -2.4883045304730884 -11.176797377521563 -11.311831809117324 
-2.273251840000004 -2.4183705385177032 -2.418370656816432 -2.3639510846698557 -11.363949787923275 -11.363949645683482 
-1.870144000000003 -2.2732516096493582 -2.2732516660875373 -2.122086360325832 -11.122059772448857 -11.122080762726346 
-2.273251840000004 -2.4183706395861146 -2.4183706376434166 -2.363951099552212 -11.363946488050619 -11.363947761691822 
0.0 0.0 0.0 0.0 0.0 0.0 
-2.1220863726338406 -1.4502400000000035 -2.1220863865080655 -1.8701440006352987 -10.870143268456383 -10.870140498245085 
-1.4502399129636834 0.41599999999999304 0.4159992051537982 -0.7504000053547498 -9.750399664975685 -9.750399538395808 
-2.122086394109113 -1.4502400000000035 -2.1220864011073526 -1.8701440041302981 -10.870143817451725 -10.870143962414788 
10.999999999999982 2.3599999999999888 2.3599999999999888 5.599999999999985 -3.4000000000000092 -3.4000000000000092 
0.0 0.0 0.0 0.0 0.0 0.0 
-2.496306629119458 -2.4936525027082093 -2.495820595941779 -2.493652502708208 -10.424608526283617 -10.02308404431024 
-2.4677364627942797 -2.4510223974399796 -2.46412678169583 -2.4510223974399814 -9.692666295172115 -9.67957319963833 
-2.49383019024184 -2.4894208378470184 -2.4921251992117113 -2.4894208378470166 -8.465827029636147 -10.308196174429604 
-2.4793751101252615 -2.4510223974399983 -2.4691271069936738 -2.478897498429614 -11.099228536000657 -11.058997491057543 
0.0 0.0 0.0 0.0 0.0 0.0 
-2.4773492888253994 -2.4510223974399983 -2.4683736006614883 -2.479304713601601 -10.903610295215094 -10.905930272128565 
-2.382848296470491 -2.2732518400000004 -2.343399496362246 -2.4144488137646567 -10.609139073155688 -10.961140401538655 
-2.470096199826514 -2.4510223974399814 -2.4596804003677097 -2.451022397439981 -10.134744047607931 -10.491929055777488 
-2.496009443865989 -2.4936525027082226 -2.4957376034014516 -2.4936525027082226 -10.981520635553526 -9.691579905564508 
0.0 0.0 0.0 0.0 0.0 0.0 
-2.4946254608019327 -2.489420837847032 -2.492133488934869 -2.4894208378470313 -10.122464178327318 -8.725254412185937 
-2.3639512420752498 -2.438920016882239 -2.4037759626216877 -2.3639511040000007 -10.126099810360325 -10.799905127565019 
-2.1220863999999997 -2.303182861111826 -2.243981232024093 -2.1220863999999997 -9.319028043242277 -7.985253601729868 
-2.364075604000633 -2.431697525675515 -2.407715870421307 -2.3639511040000043 -10.570181804413492 -9.421357400079202 
0.0 0.0 0.0 0.0 0.0 0.0 
-2.03757566720749 -1.9079511074527393 -2.0061715073812616 -1.870144000007312 -6.7338046905740185 -6.698293954233658 
-0.7890279143979216 2.359999999999957 -0.4536058872747461 -0.7357696952536731 -4.956688201191256 -5.078153594491052 
-2.109904607301524 -1.9232422910886107 -2.0592673815945415 -1.8701440000016474 -6.742754312347384 -5.1116082907757425 
3.0337718641514915 0.19328413486025056 1.1981391721580952 5.599999999999985 -2.071600000000022 -2.9395969858888 
0.0 0.0 0.0 0.0 0.0 0.0 
-2.478189078472281 -2.4706134384639986 -2.4734592682642655 -2.4773320599876856 -9.017369080768715 -8.977963723813117 
-2.3359505095842947 -2.2732518400000004 -2.3103360728427766 -2.305647743607444 -6.8441321018324865 -6.795993570280735 
-2.4584324390181127 -2.4510223974399983 -2.4596675149852514 -2.462706284800287 -9.223865499272774 -9.778228190922661 
-2.4971777241339037 -2.4961915016249296 -2.4966756063539375 -2.4969115799722417 -10.295220557165752 -9.042631693339223 
0.0 0.0 0.0 0.0 0.0 0.0 
-2.4967684212823316 -2.4961915016249296 -2.497020044560116 -2.4970606175913668 -9.658538222627712 -9.713004731937355 
-2.4874566076866356 -2.482368063078395 -2.4864957196989126 -2.4834216854013342 -9.202451994309621 -8.097834623613481 
-1.4502401072317066 -1.870143970870967 -1.4502400056326208 -1.450240005721093 -0.7504000000000046 -10.450235895543358 
-2.3639511016244716 -2.4183705886216496 -2.3639510983375787 -2.363951099423705 -2.273251840000004 -11.363944768153383 
0.0 0.0 0.0 0.0 0.0 0.0 
-2.2732518339147196 -2.3639511001731885 -2.2732518375765873 -2.2732518363153043 -2.1220864000000033 -11.273247316386001 
-2.4916494185145943 -2.489420837847037 -2.4923316782541693 -2.4921679348602157 -7.762061560207943 -9.244594710832905 
-2.4767060982124187 -2.470613438463997 -2.477149331688223 -2.476160251865696 -9.797774097187457 -9.501021002769582 
-2.49104796061462 -2.489420837847037 -2.490754882607794 -2.491625352482454 -8.150160203001711 -8.466608796441212 
0.0 0.0 0.0 0.0 0.0 0.0 
-0.7504000508497793 0.41599999999999304 -0.750400127526241 -0.7504001139282743 -9.7503990575634 -1.450239997401657 
-2.273251836423795 -2.1220864000000033 -2.273251837197311 -2.273251833436327 -11.273249158233586 -2.3639510997128563 
10.999999999999982 5.599999999999985 10.999999999999982 10.999999999999982 1.9999999999999902 19.999999999999986 
-2.1220864060544846 -1.870144000000003 -2.122086405202081 -2.122086402403845 -11.122085131495048 -2.2732518370474497 
0.0 0.0 0.0 0.0 0.0 0.0 
-2.487002818494674 -2.482368063078396 -2.490282356220535 -2.4875253435144025 -9.028645015936885 -9.64452691349169 
-2.3937990750874047 -2.3639511040000007 -2.431954260854804 -2.4006013407002733 -8.668457355939065 -9.777077605952709 
-2.477849597600106 -2.4706134384639986 -2.4824473477659397 -2.477301184174197 -9.051368323844093 -8.468071602997256 
-2.4945673296698496 -2.4936525026772953 -2.493652502678428 -2.4950060386607826 -9.860890820587585 -8.13593038175428 
0.0 0.0 0.0 0.0 0.0 0.0 
-2.494374161699365 -2.493652502648224 -2.4936525026538265 -2.4946106986347183 -9.019008735689278 -10.169878227228176 
-2.4737604761310377 -2.470613438229001 -2.4706134382199516 -2.475192250125211 -8.72678173268216 -9.27690255884024 
-2.387796905543549 -2.3639511040000007 -2.4164645344691906 -2.3959805955837528 -9.21802647645771 -8.082187525996593 
-2.4868039208513273 -2.4823680630784013 -2.490118704441678 -2.487329336167357 -9.51247539302752 -10.173644390205332 
0.0 0.0 0.0 0.0 0.0 0.0 
-2.4726455028603174 -2.4706134384640004 -2.480019674487692 -2.4754459761605654 -9.705760338006614 -8.69896090039807 
-2.486498476904759 -2.482368062929602 -2.4823680629370233 -2.4845318566020795 -8.411069012917721 -7.713221007635924 
-2.462586047316747 -2.4510223971962883 -2.4510223971915837 -2.458441406320232 -9.835261417044002 -9.006207452678685 
-2.4850597330386446 -2.4823680626448796 -2.482368062678662 -2.484987043370972 -10.004266779838593 -9.049157837598791 
0.0 0.0 0.0 0.0 0.0 0.0 
-1.142381145131465 -0.9103517714723959 -1.169723399471708 -1.1447840503477273 -2.8015260413924654 -1.96 
-1.5909568167104742 -1.6055589627369011 -1.5949320367733666 -1.5990082078549543 -2.851393775348889 -4.3424716198306825 
-1.300991661568447 -0.9997180903667481 -1.2768163255996754 -1.3750919638369554 -3.5636519483226277 -2.780104676417224 
-1.3845908084000944 -1.301201738855098 -1.3124486171096514 -1.3005933642889362 -3.570614500989833 -2.800575170591425 
0.0 0.0 0.0 0.0 0.0 0.0 
-2.491293682080719 -2.4894208376648814 -2.49135751056315 -2.489420837652989 -7.742830411502073 -7.727336585099344 
-2.429329582541015 -2.4183706616787712 -2.4367592828634885 -2.418370661700204 -9.456027301364824 -6.365993300043439 
-2.4850364319970346 -2.4823680628548113 -2.4861217006714575 -2.4823680628636615 -9.859748436365997 -10.36100370604584 
-2.4926839132304703 -2.4894208378470353 -2.4919888231511207 -2.4926279135223517 -9.668478809085453 -9.687107978153966 
0.0 0.0 0.0 0.0 0.0 0.0 
-2.4926694917014216 -2.4894208378470353 -2.4914097437433025 -2.492187666817885 -9.71309597938394 -9.043492316015623 
-2.465260161920903 -2.4510223974399956 -2.4659150205634592 -2.46681402597683 -8.439939845098166 -10.402447653453455 
-2.4317506540617035 -2.4183706618780594 -2.438439715066798 -2.4183706618518808 -7.699036090813402 -8.421668221169774 
-2.4904876110429695 -2.4894208377152163 -2.492288969519411 -2.4894208377150204 -10.422546920407264 -6.848810302509901 
0.0 0.0 0.0 0.0 0.0 0.0 
-2.486237896622263 -2.4823680624857443 -2.4854547470464556 -2.482368062536608 -8.47127571718189 -9.22059876462188 
-2.478672554979844 -2.4706134384639986 -2.480121773101502 -2.484899930055457 -8.10644496765069 -10.84716196589228 
-2.4355295515170066 -2.4183706623999983 -2.439771038257308 -2.449159263087341 -8.97393827578825 -10.238570206262631 
-2.4782253076062837 -2.4706134384640004 -2.4783034798927965 -2.483990652697072 -9.492601652990226 -9.035209377434732 
0.0 0.0 0.0 0.0 0.0 0.0 
-1.3008817788570466 -1.2770311229133464 -1.2947774995362367 -1.302449026571365 -3.616964858239453 -2.7865966073346735 
-1.5184168134323934 -1.4660704650561653 -1.5223613366481707 -1.504322413628052 -1.96 -1.9276940953600001 
-1.348951995105709 -1.3443502809511616 -1.348951995105709 -1.3687366908660983 -2.8324748695677107 -2.8235164106541912 
-1.2510329808004654 -0.8970531342430939 -1.2477685514436176 -1.2563325688400098 -1.96 -1.9117600000000001 
0.0 0.0 0.0 0.0 0.0 0.0 
-2.494877220893175 -2.493652502708219 -2.495833254958048 -2.494702541584132 -9.046853951938733 -9.498365768007533 
-2.46165965183222 -2.4510223974399983 -2.4688962774730734 -2.457046025003523 -10.36100704009467 -9.861998126320247 
-2.4913549452076267 -2.489420837847037 -2.493145778017429 -2.4911677451354826 -10.04493592843664 -10.191108025080162 
-2.485834754167684 -2.4823680629723626 -2.482368062972559 -2.4864695901010143 -10.018329009836451 -7.742131747366178 
0.0 0.0 0.0 0.0 0.0 0.0 
-2.4862302303382458 -2.4823680628256817 -2.4823680628467995 -2.4865209907888293 -8.982476792365006 -9.80523196153403 
-2.429363834197006 -2.4183706612695954 -2.4183706612727773 -2.4318352330631385 -7.260100085675915 -9.249526384754816 
-2.4626410147907327 -2.4510223974399983 -2.4618814945810947 -2.465740749531222 -9.999850552932962 -10.300608357883688 
-2.4945512731739745 -2.4936525027082226 -2.4963632068625934 -2.4949077505739594 -10.504520432187713 -10.576058157143342 
0.0 0.0 0.0 0.0 0.0 0.0 
-2.4919642862162554 -2.489420837847039 -2.49182308503974 -2.492322212869648 -9.882934217556409 -10.302905076601068 
-2.2732518342138017 -2.363951091153821 -2.363951097766538 -2.273251838606719 -2.1220864000000033 -11.273247675066827 
-1.8701439989472617 -2.1220863567623973 -2.1220863689306957 -1.8701439982252244 -1.4502400000000035 -10.870143012448768 
-2.273251838900718 -2.363951102563499 -2.363951096976167 -2.273251838233304 -2.1220864000000033 -11.273250796025385 
0.0 0.0 0.0 0.0 0.0 0.0 
-2.122086392623104 -1.870144000000003 -2.2731499577459844 -2.1220863911705505 -11.12208403391006 -2.2732516049094214 
-1.450239974233926 -0.7504000000000046 -0.7504015449197157 -1.4502399751884192 -10.450239548890995 -1.8701439789600107 
-2.122086399755438 -1.870144000000003 -2.2732468373318686 -2.1220863995679107 -11.122086288199922 -2.2732518210858794 
10.999999999999982 5.599999999999985 5.599999999999985 10.999999999999982 1.9999999999999902 19.999999999999986 
0.0 0.0 0.0 0.0 0.0 0.0 
-2.496584987379792 -2.496191501550606 -2.4965807458312423 -2.4961915015428753 -9.268511469178902 -9.986905740919802 
-2.4766857547180168 -2.470613436612749 -2.4777277607676043 -2.4706134366510337 -10.12403843756505 -8.464166574168567 
-2.494858463515773 -2.4936525024605483 -2.493997190547746 -2.493652502475159 -9.034250965289013 -8.468992258745407 
-2.4772859973322494 -2.470613438463997 -2.477699677635825 -2.4848317140792053 -10.369136668666485 -10.018397126006997 
0.0 0.0 0.0 0.0 0.0 0.0 
-2.4787117996609904 -2.470613438463997 -2.4786731894742413 -2.480124129202802 -9.679595983214616 -10.1645712032454 
-2.3964169778757065 -2.363951103999998 -2.39845872073367 -2.3928661178221735 -9.980239422517315 -8.980146159131058 
-2.476623134836558 -2.4706134379420344 -2.4754157977568734 -2.4706134378884923 -10.168807043055757 -10.391903916769733 
-2.4968125612483645 -2.4961915015598963 -2.4970504112718066 -2.4961915015610785 -10.41452984560928 -9.480967180461324 
0.0 0.0 0.0 0.0 0.0 0.0 
-2.4945534986762725 -2.493652502637538 -2.4944267293848887 -2.493652502642536 -10.601124497179764 -10.01683585818811 
-2.333604127253268 -2.3717772122088654 -2.3446597827614344 -2.273251840000004 -7.252068998020039 -9.400930652352166 
-2.110851854635937 -2.217768106421811 -2.0822252277228936 -1.870144000000003 -9.587977393511608 -10.450868232338319 
-2.3430744135977077 -2.38756847419685 -2.3455027587631774 -2.273251840000004 -10.526653105878184 -9.102125074914191 
0.0 0.0 0.0 0.0 0.0 0.0 
-2.1283436493922174 -2.122009840845638 -2.146980985796609 -2.1220072832566226 -6.2581166460247735 -6.231629866278068 
-1.0512164320080095 0.4159998744714582 -0.9968874584756826 -1.1625810528761233 -2.7240841560752966 -4.646567829739297 
-2.180428900047027 -2.122082675344615 -2.1595896452420775 -2.1220824436498082 -7.5890091296380255 -8.23545198161123 
3.7707286890071865 0.6735742745766069 3.2388601988138506 10.999999999999982 -2.936267771895374 -2.563171784235407 
