0.0 0.0 0.0 0.0 0.0 0.0 
-2.4183706623281265 -2.3639511038280863 -2.4183706622808807 -2.363951103997308 -2.273251840000004 -11.363951102730686 
-1.8701440000047904 -1.4502400000171582 -1.8701440001359748 -1.4502400001168396 -0.7504000000000046 -10.450239999991357 
-2.3639511014804118 -2.2732518399445794 -2.3639510997601842 -2.2732518399999453 -2.1220864000000033 -11.273251836940702 
-2.495566134091008 -2.4958286229713824 -2.495571143544547 -2.496076167946689 -11.488430248401588 -11.493288107017767 
0.0 0.0 0.0 0.0 0.0 0.0 
-2.495636086610854 -2.495891846226033 -2.4955889940184073 -2.495799761291997 -11.494945044719776 -11.487483756806242 
-2.4811068252166164 -2.4818493201131293 -2.48044149739513 -2.4828091758743494 -11.436129012087555 -11.464291113864588 
-2.273252916009465 -2.355688169991896 -2.3972423050840455 -2.3526932175817317 -11.24736317388516 -11.320165835495205 
-2.4706133894776223 -2.4814838068648295 -2.4854283618879096 -2.4807339042239898 -11.448664493312414 -11.459219895367365 
0.0 0.0 0.0 0.0 0.0 0.0 
-2.4510223962855595 -2.4694265805015685 -2.481202824567869 -2.469788143091539 -11.469383376020856 -11.46726050828457 
-2.4876938293441 -2.4878047439170485 -2.4878573108282644 -2.4881229061023706 -11.464534067389632 -11.472055881058527 
-2.46927276046626 -2.4752867809450647 -2.4693513811027366 -2.473381054284963 -11.449766006326552 -11.426411754127434 
-2.487709503150814 -2.488307527852859 -2.487922948457309 -2.4884543342363403 -11.467510171837779 -11.439773394325384 
0.0 0.0 0.0 0.0 0.0 0.0 
5.599999999999985 10.999999999999982 5.599999999999985 10.999999999999982 1.9999999999999902 19.999999999999986 
-2.1220864000000033 -2.273251833406108 -2.122086401606086 -2.2732518398017807 -11.273251838880803 -2.3639511028088798 
0.41599999999999304 -0.7504000000508626 -1.450240000017689 -0.7504000000194506 -9.750399999970819 -1.4502400000177254 
-1.870144000000003 -2.1220863999418214 -1.8701440528000794 -2.1220864000079454 -11.122086390437254 -2.2732518380923916 
0.0 0.0 0.0 0.0 0.0 0.0 
-2.450842057554126 -2.4183283884398175 -2.418322781591227 -2.363951104000019 -11.417625627377479 -11.41828494516363 
-2.121461089153737 -1.8702165499129528 -1.870131794219524 -1.4502400000000084 -10.868859448243544 -10.867643879856494 
-2.4177940082866956 -2.363780184723869 -2.3637757485882362 -2.2732518400003046 -11.361614998528268 -11.357661990998947 
-2.493621839939056 -2.4946736516126133 -2.4948582569774937 -2.495198692495153 -11.492788457343476 -11.491051679298181 
0.0 0.0 0.0 0.0 0.0 0.0 
-2.4936372581006947 -2.493829665377009 -2.4944866094513345 -2.494946117695562 -11.488351493858802 -11.4884452109086 
-2.470594999848815 -2.4794319039868733 -2.477336166933548 -2.481512544424519 -11.44635637566443 -11.457988411813822 
-2.3635732726212604 -2.3945363769507058 -2.3961018532214946 -2.3635426052985187 -11.271981592867832 -11.358968684161097 
-2.482227024364394 -2.4855454722473604 -2.487061267113107 -2.482190264859505 -11.445235084881864 -11.446818208419794 
0.0 0.0 0.0 0.0 0.0 0.0 
-2.4705396799282764 -2.479176033660912 -2.4773530645986432 -2.4705336779275293 -11.468641176929838 -11.469573188250564 
-2.482359314574757 -2.487222777116603 -2.4856006146915335 -2.4867082036183747 -11.470941063700197 -11.476336872741813 
-2.45101778277125 -2.464927863467452 -2.462346686526201 -2.47029856448775 -11.440783934233623 -11.446977352302337 
-2.482364930698529 -2.4870678411928058 -2.4876083062032457 -2.4876784009596458 -11.455692263464197 -11.466324833992235 
0.0 0.0 0.0 0.0 0.0 0.0 
2.3599857495234606 5.599870243191178 5.599974997567457 10.999999999999982 -3.399983125850211 -3.3999896089511625 
-1.870144000000003 -2.122135342376149 -2.122081985618119 -2.2731322889566066 -11.11643421704518 -11.120051942402233 
-0.7505218143223109 -1.4502409680926704 -1.4502554436256088 -0.7504000000000387 -10.443214380403933 -10.446874849444136 
-1.4502400000208422 -1.870160417162294 -1.8703508404431568 -2.12138969095107 -10.844167360913058 -10.86854828076346 
0.0 0.0 0.0 0.0 0.0 0.0 
-2.4894205682259853 -2.4929794713814193 -2.4941316323789717 -2.492998831198634 -11.488223693007416 -11.476941739287989 
-2.4183704338579624 -2.447173333463693 -2.4592773914229142 -2.4423164937800412 -11.42375109759127 -11.42182317659286 
-2.4823671571593557 -2.4878434764864794 -2.48831266629309 -2.4860245424124843 -11.466033142348369 -11.467963851584585 
-2.470213824193164 -2.4508864846646774 -2.418370662400006 -2.450724068577457 -11.449551188626637 -11.448815655852197 
0.0 0.0 0.0 0.0 0.0 0.0 
-2.4701975202709026 -2.450529747853779 -2.418370662400001 -2.450568803488693 -11.447433652046627 -11.450470115464105 
-2.363118817968796 -2.2728955276837883 -2.122086400000004 -2.2731711091919 -11.26698455264949 -11.272769091407993 
-2.4183721561751073 -2.4475026048912616 -2.4627688921548385 -2.446528061691363 -11.431697121670675 -11.432220678037792 
-2.4894207589904163 -2.492298193306781 -2.494969329244123 -2.492503303001106 -11.492543419197919 -11.48709156046782 
0.0 0.0 0.0 0.0 0.0 0.0 
-2.4823677952832695 -2.4862361596348728 -2.4920318146497293 -2.4882533686430817 -11.483221130706347 -11.482477846053971 
-2.4702331346118656 -2.4773781253994946 -2.4702400093601318 -2.478880702217545 -11.462242363392681 -11.450828768242586 
-2.416866231384737 -2.437181047358207 -2.4169348692471804 -2.4331504302598512 -11.37709359427027 -11.341860758418978 
-2.4701812565566903 -2.472625065732225 -2.4702036049494143 -2.474972915376212 -11.462921678112874 -11.44049513492952 
0.0 0.0 0.0 0.0 0.0 0.0 
-1.4502434275966352 -1.8649538752966008 -2.05104424155996 -1.8788412824897844 -10.775973139291848 -10.81855740877067 
0.41593847118103916 2.359526941885822 5.599999999999985 2.3598409640633013 -6.639021103013036 -6.639994508980622 
-1.4502400582611914 -1.875462513291143 -2.1120691855497506 -1.8720149222024713 -10.807664792477572 -10.733802046279289 
-0.7504017799164397 -1.43256889840347 -0.8295411245106177 -1.4443119672354927 -10.251031732868988 -10.13627227776385 
0.0 0.0 0.0 0.0 0.0 0.0 
-2.4935657515340743 -2.4946553251897474 -2.495304991368968 -2.4935634811711243 -11.489926823159687 -11.488666351025511 
-2.450847678701387 -2.460993521871102 -2.468962763724327 -2.450849179482936 -11.450471647900345 -11.452975001032181 
-2.4891266411677626 -2.491549557485401 -2.4907536558545895 -2.489099984687295 -11.471250195678412 -11.477255124960639 
-2.4510127215932935 -2.4183694995448475 -2.3639511040000043 -2.4510178157362756 -11.418368357914721 -11.418347556934533 
0.0 0.0 0.0 0.0 0.0 0.0 
-2.4510204702864122 -2.4183677830145323 -2.3639511040000043 -2.4510213294922565 -11.418238616041426 -11.418358319288727 
-2.2732518088060245 -2.1220862736235766 -1.870144000000003 -2.273251721423795 -11.122085833533434 -11.122085416595628 
-2.4508200941200977 -2.4624770008786365 -2.469069675614473 -2.4508172129419625 -11.444303624635848 -11.450212260306833 
-2.493580694782488 -2.4948336353670513 -2.4950949707741907 -2.493580576234003 -11.492380498950354 -11.488902760707129 
0.0 0.0 0.0 0.0 0.0 0.0 
-2.489358796876176 -2.491639784347161 -2.4920146506424787 -2.4893601156514786 -11.490841617893667 -11.47078397906551 
-2.451022358187958 -2.469054920168713 -2.47705869781418 -2.478571829250795 -11.434264617825521 -11.460375825037708 
-2.3639508891535077 -2.413217502808769 -2.4397929255127124 -2.433375941064227 -11.38001022790615 -11.381693455221862 
-2.451022230820325 -2.4680998617429535 -2.4769605516162327 -2.47757194764438 -11.441051338964042 -11.466237170305444 
0.0 0.0 0.0 0.0 0.0 0.0 
-1.870144000939991 -2.121215575367775 -2.268308756667298 -1.872902109310702 -11.108780685688048 -11.096949292128592 
2.3599999999392365 5.599999999818393 10.999999999999982 2.3599999999401575 -3.4000000000166852 -3.400000000034925 
-1.870144000000101 -2.1219668096212763 -2.271989741306185 -1.8706148295833314 -11.118266084624365 -11.117727972748337 
0.4159999999840219 -0.7529596758394856 -1.4477969109233253 -1.4493601953464916 -9.702808148381253 -9.726543237493022 
0.0 0.0 0.0 0.0 0.0 0.0 
-2.4955898587716163 -2.4955482854352335 -2.495550732433808 -2.4955778571808542 -11.466229888918052 -11.490589947706678 
-2.4685273185198904 -2.471090495032209 -2.4747403652692856 -2.4687154164394203 -11.373007395923999 -11.36853174215665 
-2.492206245456922 -2.4927866949181485 -2.4929939069391227 -2.4922700099655546 -11.46888328238871 -11.47322697146928 
-2.4183706621499357 -2.3639511039767336 -2.363951102321206 -2.4183706623894548 -2.273251840000004 -11.363951103436092 
0.0 0.0 0.0 0.0 0.0 0.0 
-2.4183706623717396 -2.3639511039858556 -2.363951103946125 -2.4183706621501226 -2.273251840000004 -11.363951096335763 
-2.122086400425941 -1.870144000039046 -1.870144000181809 -2.122086399963051 -1.4502400000000035 -10.870143999381337 
-2.469059573237742 -2.4707185213587772 -2.472843340698782 -2.4689473467652743 -11.435828957669976 -11.44286820005883 
-2.495581222310388 -2.4957405573854827 -2.495456854077468 -2.495522411840315 -11.48531701391507 -11.493685015173485 
0.0 0.0 0.0 0.0 0.0 0.0 
-2.4930090120490593 -2.4937162205926144 -2.4933134244137083 -2.4929463526946485 -11.484691961764202 -11.471682804936332 
-2.4697399232091546 -2.4767566417650646 -2.4746353785854365 -2.4696836076804405 -11.464239601890112 -11.44795015384478 
-2.4171082387719225 -2.4349422790810786 -2.4360588762734317 -2.417108293345194 -11.343016349167852 -11.363601889076005 
-2.4694874139283165 -2.4774400296364303 -2.4752291572652583 -2.4695258186602453 -11.462864077891311 -11.47480808491187 
0.0 0.0 0.0 0.0 0.0 0.0 
-2.1220864000000033 -2.273251835653212 -2.273251839602961 -2.122086452375538 -11.2732518258202 -2.363951101993209 
5.599999999999985 10.999999999999982 10.999999999999982 5.599999999999985 1.9999999999999902 19.999999999999986 
-2.1220864000000033 -2.27325183252912 -2.2732518397691277 -2.122086406458178 -11.273251656059921 -2.3639511003955787 
-0.7504000000000046 -1.4502400023639217 -1.450240000004473 -0.7504000448778714 -10.45023968875666 -1.8701439971938756 
0.0 0.0 0.0 0.0 0.0 0.0 
-2.451022396544657 -2.3639511040000043 -2.451022389547997 -2.418370662267957 -11.41837053638557 -11.418370591797034 
-2.12208640033392 -1.4502400000000035 -2.1220863997326957 -1.870144004091832 -10.870143997781925 -10.870143950231268 
-2.4183706582023135 -2.273251840000004 -2.4183706583924383 -2.363951102331286 -11.363951082579796 -11.36395109709857 
-2.4936006006259075 -2.495231571856822 -2.4935993598047066 -2.4941833229809207 -11.49008056725866 -11.494229793665495 
0.0 0.0 0.0 0.0 0.0 0.0 
-2.4935887419492526 -2.495475120683017 -2.49358669809909 -2.495240616658839 -11.491315675990466 -11.478877996949276 
-2.4704865768732174 -2.4826310456971243 -2.470479216900683 -2.4773111816294957 -11.443857994804578 -11.458028396344657 
-2.1220864000011774 -2.363741292528492 -2.363523440716575 -2.2730426270868946 -11.26754913747884 -11.267465511740282 
-2.4510223974400045 -2.4822806901002705 -2.4822897255839536 -2.4704330833059127 -11.470525154928387 -11.469430422227873 
0.0 0.0 0.0 0.0 0.0 0.0 
-2.4183706624000045 -2.4706003994594115 -2.4706030134957326 -2.4510181706783305 -11.450956206013347 -11.450619449344247 
-2.482262597845591 -2.4856905648534564 -2.4822854788867503 -2.486662194461153 -11.480214261290742 -11.478284187360853 
-2.450912347976751 -2.473374691171108 -2.450914024042345 -2.4640433270270425 -11.413058538615214 -11.411758360424315 
-2.482295591352287 -2.4883978409017384 -2.482305593498013 -2.4859834787821002 -11.468008332000876 -11.457184046619883 
0.0 0.0 0.0 0.0 0.0 0.0 
2.3599999999999888 10.999999999999982 2.3599999999999888 5.599999999999985 -3.400000000000013 -3.400000000000013 
-1.8701440001670335 -2.2732518390409724 -1.870144000000003 -2.1220864001387474 -11.122086399500471 -11.122086399787893 
2.3599999999999888 -0.7504000000000217 -0.7504000000000887 0.4159999999998189 -8.583999999999985 -8.583999999999989 
-1.4502400000000035 -2.122086399946998 -1.4502400001686457 -1.8701440000194784 -10.870143995867803 -10.870143997003867 
0.0 0.0 0.0 0.0 0.0 0.0 
-2.470613297499477 -2.41837069828668 -2.4510221767649494 -2.4183706624000045 -11.451018402812327 -11.451020715889374 
-2.2732511482522737 -1.8701447222927972 -2.122086395087387 -1.870144000000003 -11.122080530231855 -11.122082271739655 
-2.4510223248487155 -2.363951225745297 -2.4183706465628436 -2.3639511040000043 -11.418366622696013 -11.418367798708509 
-2.489420820089625 -2.495370181566674 -2.49318327167789 -2.4954422882707408 -11.491142588274137 -11.492360242724182 
0.0 0.0 0.0 0.0 0.0 0.0 
-2.4894207870213125 -2.495352337543128 -2.4931621027520645 -2.4953377666825745 -11.491120443663277 -11.491597455430815 
-2.4510223949464476 -2.481171045223845 -2.469609468817414 -2.480728012701323 -11.460818094894826 -11.46632068057869 
-2.27325184004636 -2.4153917460086745 -2.362520420069683 -2.2750968028892022 -11.35898359155269 -11.357540614846107 
-2.47061342825577 -2.4886340575068364 -2.4821766727339907 -2.470613429147446 -11.480996024054933 -11.479896868987943 
0.0 0.0 0.0 0.0 0.0 0.0 
-2.4510223971733835 -2.4814775542834586 -2.470559758279448 -2.4510223971367613 -11.470110673031552 -11.470352772410832 
-2.470613438339096 -2.4885888935542795 -2.4816588744937897 -2.487482943253881 -11.47900099549888 -11.48083936452485 
-2.418370662702505 -2.467643937025837 -2.4500270412904728 -2.4683403807215933 -11.442430312398052 -11.449008475671803 
-2.4706134376979896 -2.488981875215585 -2.4817709202409923 -2.488305183495225 -11.480388953748864 -11.480100970128687 
0.0 0.0 0.0 0.0 0.0 0.0 
0.4159999993491072 5.599999994401161 2.3599999974245516 5.599999999999985 -6.640000000749237 -6.639999997919466 
-1.4502400000000035 -2.122086400001529 -1.8701440000005167 -2.12208639999536 -10.870143999988457 -10.87014399999575 
0.41599999999999304 -1.4502401027153446 -0.7504104102072923 0.41599379925619717 -9.75038999143553 -9.750386486299474 
-0.7504000000000046 -1.8701447987579853 -1.4502407771120365 -1.870143989756583 -10.450239507260472 -10.45023929637061 
0.0 0.0 0.0 0.0 0.0 0.0 
-2.482368063078255 -2.493448911671813 -2.4935442902693787 -2.489269646117476 -11.488939661903718 -11.488974068893524 
-2.363951104000112 -2.4507150044351445 -2.450720145389831 -2.417953964871693 -11.417432314024566 -11.41797323253017 
-2.470613438462622 -2.4889031759096216 -2.48851814568812 -2.482090342547991 -11.47903067185923 -11.481826518166303 
-2.4823186920631017 -2.4510223969639036 -2.451022396871952 -2.470571746423275 -11.470440551011055 -11.469672936970262 
0.0 0.0 0.0 0.0 0.0 0.0 
-2.4821021964023635 -2.451022396604599 -2.451022396686907 -2.4702593312823806 -11.469201808790066 -11.469737598301865 
-2.4182202213100252 -2.273251839949914 -2.2732518399547064 -2.3635534074394915 -11.362155061818832 -11.359519775766517 
-2.363951104098641 -2.4497988506861956 -2.450227289807299 -2.4178679952551727 -11.416495688416413 -11.406690261779042 
-2.482368063078606 -2.4935302676490143 -2.4934393625733637 -2.4893439330052463 -11.488960236147294 -11.488617965488737 
0.0 0.0 0.0 0.0 0.0 0.0 
-2.470613438464153 -2.4892189560340086 -2.489374935102347 -2.482115918197793 -11.481762700112167 -11.48092822183392 
-2.45102159229635 -2.4797627635461144 -2.4510216840330084 -2.4691166549527757 -11.46655852801464 -11.451708109980869 
-2.363949997894189 -2.4369453940996597 -2.3639499072346517 -2.414096435432914 -11.412703116542493 -11.401007836071333 
-2.4510221908367273 -2.476474692376904 -2.45102220867589 -2.469953074388665 -11.468894310229558 -11.463152548081545 
0.0 0.0 0.0 0.0 0.0 0.0 
-0.7504000000000046 -1.8702277740196358 -1.8701374587301651 -1.4502779339736518 -10.450194295938125 -10.449499579393791 
-0.7504000000000046 2.3599999999996997 2.3599999999999888 0.41599999999999304 -8.584 -8.584 
-0.7504000000000046 -1.8701491318100496 -1.8701443424932216 -1.4502614647844307 -10.450194290315766 -10.45021988385296 
0.41599999999999304 -1.4503098887666768 0.4159485841084934 -0.7504051403686313 -9.750332638429633 -9.750363113043372 
0.0 0.0 0.0 0.0 0.0 0.0 
-2.4894202686703726 -2.4947342362958764 -2.4954391620225964 -2.4894202107534826 -11.492743353484588 -11.492522945174333 
-2.41836992369453 -2.467640457373335 -2.467289351656463 -2.4183698907246636 -11.446664558667539 -11.424227008748497 
-2.482364462143532 -2.491776972110218 -2.489905114521907 -2.482364134018342 -11.470818918279392 -11.48218252773283 
-2.47048685181699 -2.4183706623996235 -2.418370662399601 -2.4705431366785113 -11.448755216554671 -11.450915040194412 
0.0 0.0 0.0 0.0 0.0 0.0 
-2.4703902747630697 -2.4183706623998598 -2.418370662399863 -2.4705769425667805 -11.45084331809399 -11.45097180083009 
-2.3639055840884287 -2.1220864000000033 -2.1220892510556033 -2.363920536305147 -11.273234628704722 -11.273206762114453 
-2.418370662217099 -2.467357157887722 -2.464352917255418 -2.4183726091044524 -11.441890502507 -11.434241631875075 
-2.4894205082024135 -2.494660863244478 -2.49534886342544 -2.489420525121175 -11.49041077108328 -11.490935131354169 
0.0 0.0 0.0 0.0 0.0 0.0 
-2.482367973422592 -2.4925039088916088 -2.492950131962573 -2.482367977752494 -11.486002402360032 -11.488149735590577 
-2.4183706624000045 -2.4704980489302093 -2.470498767166925 -2.4704240481895976 -11.450864416369768 -11.4507669353455 
-2.2732518400000057 -2.417977198608695 -2.41813784137594 -2.4172665091067636 -11.363224630903087 -11.363256412667797 
-2.418370662400001 -2.4703604478501466 -2.4704760646905264 -2.4704744846052558 -11.45043774140725 -11.450723622996309 
0.0 0.0 0.0 0.0 0.0 0.0 
-1.4502400000000035 -2.1220696805148247 -2.122074234143774 -1.4502595504563296 -10.870092158868239 -10.869794680732333 
0.41599999999999304 5.599999999999985 5.599999999999985 0.41599999999999304 -6.640000000000006 -6.640000000000013 
-1.4502400000000035 -2.1220864003903057 -2.12208639989513 -1.4502400017923205 -10.870143999263558 -10.870143885744296 
2.3599999999999888 -0.7504008514556213 -0.7504000278612314 -0.7504004454746819 -8.583993370012179 -8.58399948351158 
0.0 0.0 0.0 0.0 0.0 0.0 
-2.4935758589847308 -2.4959669631696273 -2.49522100395139 -2.4935808163751276 -11.491735045720068 -11.492241979108487 
-2.4508081471941328 -2.473846278529336 -2.464087699278542 -2.450801469940531 -11.454221451769541 -11.456588534606068 
-2.4891474255617596 -2.4919733596990232 -2.4916556053646 -2.489156196492705 -11.483391771503578 -11.48484105928757 
-2.451021889036583 -2.3639511040000043 -2.418369130194762 -2.4510213526564146 -11.418369859746026 -11.418363852854903 
0.0 0.0 0.0 0.0 0.0 0.0 
-2.451022158161948 -2.3639511040000043 -2.418370390256078 -2.451022079927991 -11.4183701969306 -11.418368416663997 
-2.2732444464964234 -1.870144000000003 -2.122085825902164 -2.273244795059382 -11.122048904941398 -11.121984769805639 
-2.4509167526851137 -2.472092840623321 -2.465757892371583 -2.4509249105693 -11.450780676030504 -11.411520059663626 
-2.493568896031221 -2.4949010772543674 -2.4950626503666835 -2.4935698005497873 -11.492463037924471 -11.488711474480837 
0.0 0.0 0.0 0.0 0.0 0.0 
-2.4893653668577542 -2.492126909234599 -2.490908807380273 -2.489371768820206 -11.487607851681384 -11.48207323295828 
-2.451013930782347 -2.4729315537602847 -2.4666343209351522 -2.451013435164083 -11.459563572057696 -11.445062653644737 
-2.3639345449139086 -2.436040144195618 -2.4116352808246218 -2.363933253027099 -11.386777325836539 -11.377074529289894 
-2.4510134020374648 -2.4710378593992544 -2.467535955529557 -2.4510131510706623 -11.463030147469672 -11.454947801377559 
0.0 0.0 0.0 0.0 0.0 0.0 
-1.870144000000003 -2.273251813096196 -2.122086399741869 -1.8701440201080408 -11.122085778415212 -11.122086383011837 
2.3599999999999888 10.999999999999982 5.599999999999985 2.3599999999999888 -3.4000000000000092 -3.400000000000013 
-1.8701440079460687 -2.2732517970482577 -2.122086389809827 -1.870144000000003 -11.122086381252755 -11.122086315910689 
0.41599999999999304 -1.4502399991709776 -0.7504003606633551 0.41599999041213664 -9.750399995136908 -9.75039996201614 
0.0 0.0 0.0 0.0 0.0 0.0 
-2.470519370209207 -2.4183706624000045 -2.4705036083264837 -2.4508783826641074 -11.450942510871833 -11.450960768025562 
-2.273162802537403 -1.870144000000003 -2.272940541600876 -2.1220810150795364 -11.12099069008191 -11.120590223697473 
-2.4508725582010746 -2.3639511040000047 -2.450969079560539 -2.418362577404688 -11.417995620725918 -11.418094366225201 
-2.495828630812914 -2.4955150107411272 -2.4894208297755567 -2.493284658619789 -11.493465685985356 -11.492977095237654 
0.0 0.0 0.0 0.0 0.0 0.0 
-2.495580623423371 -2.4953011103453275 -2.4894207562596824 -2.493249950645153 -11.492336897945655 -11.490568332168964 
-2.4816408227370084 -2.4790867276416417 -2.451022393551017 -2.4699467837595104 -11.458970391168798 -11.468180702295564 
-1.870144000000003 -2.2732518439653795 -2.2732518401523905 -2.1220864015196272 -11.122086398792089 -11.122086400013282 
-2.4183706624000045 -2.4706134382187157 -2.470613438356187 -2.4510223974411223 -11.451022396102779 -11.451022391691122 
0.0 0.0 0.0 0.0 0.0 0.0 
-2.3639511040000043 -2.451022397442751 -2.4510223974394707 -2.4183706624019954 -11.418370662397363 -11.418370662347934 
-2.4889739069637837 -2.488321934033231 -2.470613438278614 -2.4821902616701013 -11.472389615390364 -11.473930489178716 
-2.468975424828482 -2.4680768664136368 -2.4183706625937957 -2.450000159588834 -11.445813260380888 -11.447664792977628 
-2.4881933115047863 -2.488148757443649 -2.4706134383910583 -2.4820793547768627 -11.481245438059567 -11.480626149757143 
0.0 0.0 0.0 0.0 0.0 0.0 
0.41599999999999304 5.599999999999985 0.41599999999999304 2.3599999999999888 -6.640000000000013 -6.640000000000006 
-2.1220864000009163 -2.1220864000035284 -1.4502400000000035 -1.8701440000001128 -10.870143999993793 -10.870143999962398 
5.599999999999985 0.41599999999999304 0.41599999999999304 2.3599999999999888 -6.640000000000013 -6.640000000000013 
-1.870144000000003 -1.870144000000003 -0.7504000000000046 -1.4502400000000035 -10.450240000000012 -10.450239999999994 
0.0 0.0 0.0 0.0 0.0 0.0 
-2.4823679370705083 -2.4510223974400045 -2.4823678108456626 -2.4510223984641164 -11.47061287329645 -11.470613000611241 
-2.363950330337929 -2.1220864000000033 -2.3639506599784883 -2.122086620996804 -11.273251142706338 -11.27325161588669 
-2.4706131600749073 -2.4183706624000045 -2.470613364243919 -2.418370700500826 -11.451021412471457 -11.451021686107506 
-2.4935795313139906 -2.493622000470226 -2.4823680618840087 -2.4936340551799203 -11.489178853159865 -11.489327756994216 
0.0 0.0 0.0 0.0 0.0 0.0 
-2.493311612326498 -2.4935743464557762 -2.482368059880704 -2.4935599437340095 -11.489317990826361 -11.488905358764885 
-2.4704488397288538 -2.4705841551966374 -2.4183706622470718 -2.4704856658837118 -11.450446482444573 -11.450859621961751 
-2.363951128699248 -2.3639510955370957 -2.363951068763756 -2.1220864000000033 -11.273251826794997 -11.273251813893728 
-2.4823680581688428 -2.4823680274076367 -2.4823679897949216 -2.4510223974400045 -11.470613281903434 -11.470613424179584 
0.0 0.0 0.0 0.0 0.0 0.0 
-2.4706134361657615 -2.4706134349456956 -2.4706134382457114 -2.4183706624000045 -11.451022389494076 -11.451022383027055 
-2.482124728740618 -2.482361201637702 -2.4510223974400045 -2.482346167313587 -11.470585844042287 -11.470514004920041 
-2.450485886127286 -2.4508965016216426 -2.3639511040000043 -2.450981610510171 -11.418112098980192 -11.418278519572814 
-2.4822954545264375 -2.4823169030484853 -2.4510223974400045 -2.4823565816399347 -11.470499822760575 -11.470199570071975 
0.0 0.0 0.0 0.0 0.0 0.0 
-0.7504000000000046 2.3599999999999888 -0.7504000000000046 2.3599999999999888 -8.584 -8.584 
-1.870144000000003 -1.870144000000003 -0.7504000000000046 -1.870144000000003 -10.450239999999994 -10.450239999999994 
-0.7504000000000046 -0.7504000000000046 -0.7504000000000046 2.3599999999999888 -8.584 -8.584 
-1.4502400000000035 -1.4502400000000035 0.41599999999999304 -1.4502400000000035 -9.750399999999996 -9.750399999999996 
0.0 0.0 0.0 0.0 0.0 0.0 
-2.4894193592118885 -2.4894204824277466 -2.4894207018482413 -2.470613438464005 -11.482361464378585 -11.482367590507808 
-2.4183457547070657 -2.4183703288979395 -2.418370128186239 -2.273251840000004 -11.363943753055313 -11.363947195114841 
-2.4823365318651964 -2.4823636183926663 -2.4823661542850552 -2.4510223974400045 -11.470545963663401 -11.470603752466165 
-2.4894098370721487 -2.4706134376711244 -2.4706134377192868 -2.4894162036137293 -11.482314923600498 -11.482325363819974 
0.0 0.0 0.0 0.0 0.0 0.0 
-2.4893893124596973 -2.4706134364808907 -2.47061343632971 -2.489395947261034 -11.482156285437586 -11.482062784647066 
-2.4510041034277714 -2.363951103889181 -2.3639511038828873 -2.451015337359338 -11.418353162241306 -11.418271852341285 
-2.41837022883578 -2.418370520322261 -2.418370093889166 -2.273251840000004 -11.363950849012202 -11.363950168385628 
-2.489418846265072 -2.4894205995428975 -2.489419336713834 -2.470613438464005 -11.482360958105456 -11.482364667261587 
0.0 0.0 0.0 0.0 0.0 0.0 
-2.482366936886175 -2.482368002730925 -2.4823678985256334 -2.4510223974400045 -11.470612743236302 -11.470613227644085 
-2.4706131123423085 -2.470608477573912 -2.4183706624000045 -2.4706127044800823 -11.45102221628922 -11.451022195139288 
-2.4183697024092043 -2.4183650988368925 -2.273251840000004 -2.4183668602537947 -11.363948915222695 -11.36394949090804 
-2.4706121730682717 -2.4706117643359855 -2.4183706624000045 -2.470612882133259 -11.451013716930008 -11.451016947173368 
0.0 0.0 0.0 0.0 0.0 0.0 
-1.4502400000000035 -1.4502400000000035 -1.4502400000000035 0.41599999999999304 -9.750399999999996 -9.750399999999996 
-1.4502400000000035 0.41599999999999304 0.415999999999993 -1.4502400000000035 -9.750399999999996 -9.750399999999996 
-1.4502400000000035 -1.4502400000000035 -1.4502400000000035 0.41599999999999304 -9.750399999999996 -9.750400000000013 
-0.7504000000000046 -0.7504000000000046 2.3599999999999888 -0.7504000000000046 -8.584 -8.584 
0.0 0.0 0.0 0.0 0.0 0.0 
-2.493643879814719 -2.493628583685904 -2.493631928196963 -2.4823680630784013 -11.489136740843731 -11.489400902978273 
-2.4509182866203867 -2.450935977892256 -2.450744512822489 -2.3639511040000043 -11.416577622596737 -11.418164845404277 
-2.4893108913256565 -2.4893392539876174 -2.4893110320286533 -2.4706134384640004 -11.482279575346512 -11.480438190000294 
-2.4820872637537827 -2.4510223969891674 -2.45102239702637 -2.4823001030322325 -11.470512835440822 -11.470358781604185 
0.0 0.0 0.0 0.0 0.0 0.0 
-2.4822716289242757 -2.451022396690016 -2.4510223967353437 -2.4822157515102523 -11.470428413881141 -11.470540302230269 
-2.418144978324482 -2.2732518399583372 -2.273251839954253 -2.418222548687599 -11.363707303519842 -11.363080668634693 
-2.450997017820277 -2.4510039237612298 -2.451011137593886 -2.3639511040000043 -11.418342168404857 -11.418321495948478 
-2.4936415305938473 -2.4936265431325366 -2.4936292591612723 -2.482368063078405 -11.489356725198274 -11.488739757768776 
0.0 0.0 0.0 0.0 0.0 0.0 
-2.4894179550971103 -2.4894139506938564 -2.4894121223194876 -2.470613438464005 -11.482316155402833 -11.482350072965662 
-2.3639511040000043 -2.4510223927097754 -2.451022336114033 -2.4510223949540872 -11.418370652522785 -11.418370605109057 
-2.1220864000000033 -2.363951076758687 -2.3639506255537612 -2.3639510971836355 -11.273251713631815 -11.273251592687881 
-2.3639511040000043 -2.4510223936855935 -2.451022382872061 -2.4510223895623815 -11.41837063272586 -11.418370599024902 
0.0 0.0 0.0 0.0 0.0 0.0 
-1.870144000000003 -1.870144000000003 -1.870144000000003 -0.7504000000000046 -10.450239999999994 -10.450239999999994 
-0.7504000000028249 2.3599999999999888 2.359999999517741 -0.750400000617067 -8.583999999962693 -8.583999999983659 
-1.870144000000003 -1.870144000000003 -1.870144000000003 -0.7504000000000046 -10.450239999999994 -10.450239999999994 
5.599999999999985 0.41599999999999304 0.41599999999999304 0.41599999999999304 -6.640000000000013 -6.640000000000013 
0.0 0.0 0.0 0.0 0.0 0.0 
-2.4956076553317605 -2.4954660533476583 -2.4933174459687892 -2.4894208281634658 -11.491046537234595 -11.493405636989857 
-2.464545914487627 -2.4639590303247862 -2.444357478100772 -2.4183706212676936 -11.437180844048832 -11.444385899349912 
-2.4885699904348657 -2.4905744366535894 -2.488347603878191 -2.482368031913282 -11.486187571428013 -11.483938291878081 
-2.470567057560598 -2.4183706624000045 -2.4510051922004337 -2.470540089806399 -11.450902165288705 -11.450517055472671 
0.0 0.0 0.0 0.0 0.0 0.0 
-2.470593001383387 -2.4183706624000045 -2.451001752620473 -2.470558622173838 -11.4510128635093 -11.450954730570531 
-2.363912531504497 -2.1220864000000033 -2.273097058330796 -2.3638456434558592 -11.273126264301435 -11.273134927872345 
-2.4665734632218244 -2.4692251560515306 -2.4503256665677675 -2.418370663857341 -11.441429235768544 -11.444168251467488 
-2.4948022332882536 -2.495027521332014 -2.4934096957098397 -2.489420837327493 -11.491758421404208 -11.49134224830617 
0.0 0.0 0.0 0.0 0.0 0.0 
-2.49310205317411 -2.492103583416885 -2.4887955946745133 -2.4823680628834004 -11.485660635686596 -11.485432324021376 
-2.4183706538343905 -2.4689212008506605 -2.450739843485929 -2.4183706546819437 -11.446373242148823 -11.447124676527272 
-2.2732518188764788 -2.4142556655228296 -2.3628486147883163 -2.273251818801821 -11.359255060656771 -11.353122559357072 
-2.418370659638442 -2.4696068381249083 -2.450669308206181 -2.4183706598475596 -11.449556539278495 -11.450416923393636 
0.0 0.0 0.0 0.0 0.0 0.0 
-2.1220863997287656 -2.122086399548533 -1.8701439999883447 -1.4502400000000035 -10.870143998442847 -10.870143999111434 
0.415998533268974 5.599999999999985 2.359994075434042 0.4159999473319399 -6.639997128246391 -6.639996640995321 
-2.1220834219201086 -2.1220809699773526 -1.8701466440029135 -1.4502400000000035 -10.869769611178432 -10.870110369866879 
2.359999999352436 -0.7504000000009551 0.415999999865614 2.3599999999999888 -8.583999999998248 -8.583999999972487 
0.0 0.0 0.0 0.0 0.0 0.0 
-2.476297293426287 -2.4510223520058525 -2.468999863241712 -2.469875334833199 -11.464618640140468 -11.459935203767845 
-2.3527441128522133 -2.1220864186495216 -2.269921618628169 -2.2693672122147355 -11.206150623254326 -11.253486394846538 
-2.464203857632067 -2.418370442391832 -2.4463227856436767 -2.4448306875204366 -11.440114461120713 -11.437887322516218 
-2.4961504165851878 -2.4936509827295468 -2.4956947523806106 -2.495030636351065 -11.495037924444205 -11.49314269083187 
0.0 0.0 0.0 0.0 0.0 0.0 
-2.4963874008754106 -2.4936437436606815 -2.495308128513612 -2.4948963071813446 -11.490344687889586 -11.49051577462292 
-2.487735367281893 -2.470610042331585 -2.480987034487011 -2.480542197675561 -11.47480522965243 -11.474934328010212 
-1.4502400000000035 -2.122086402404047 -1.870144000919472 -1.870144000223708 -10.87014397319367 -10.870143999019259 
-2.3639511040000043 -2.4510223974224545 -2.4183706624410726 -2.4183706624068035 -11.418370662396649 -11.418370662341932 
0.0 0.0 0.0 0.0 0.0 0.0 
-2.273251840000004 -2.4183706623981873 -2.3639511040041117 -2.3639511040019916 -11.363951103962465 -11.363951103870821 
-2.489675757832684 -2.4823665737063005 -2.487266961414986 -2.4875063496453653 -11.483648079720208 -11.472029926257294 
-2.473940103827293 -2.451020782187397 -2.4679056083016087 -2.466245085683199 -11.450971978193271 -11.437937965791491 
-2.4880462156346175 -2.4823634495539655 -2.4873223863627936 -2.486846550127905 -11.477733533996105 -11.469880207651196 
0.0 0.0 0.0 0.0 0.0 0.0 
-0.7504000000237545 2.3599999999999888 0.41599999999978665 0.41599999999210446 -8.583999999999294 -8.58399999999392 
-2.2732518399570263 -1.870144000000003 -2.1220864000088113 -2.122086400127773 -11.122086399633478 -11.122086399986308 
10.999999999999982 2.3599999999999888 5.599999999999985 5.599999999999985 -3.400000000000013 -3.400000000000013 
-2.1220864000000783 -1.4502400000000035 -1.870144000012014 -1.8701440000004088 -10.870143999999279 -10.87014399999918 
0.0 0.0 0.0 0.0 0.0 0.0 
-2.48929894190467 -2.470613438463985 -2.489255141690013 -2.481833944179936 -11.481330771615198 -11.47998617669532 
-2.4180334276596898 -2.2732518400018527 -2.417041504535417 -2.363152366770336 -11.347682625434143 -11.360187816274108 
-2.4821605595650174 -2.451022397439886 -2.481837091709994 -2.4704941213899647 -11.470185881207561 -11.46854204011151 
-2.4944255552412176 -2.489410551364571 -2.4894103406756534 -2.492740623969362 -11.490624857673632 -11.48833178536489 
0.0 0.0 0.0 0.0 0.0 0.0 
-2.492833612472934 -2.4893764630793926 -2.4893724441772602 -2.491517208900417 -11.477787895507106 -11.481649181567672 
-2.4712566812605106 -2.450997984759546 -2.450997767260882 -2.4668556388459675 -11.446817999013255 -11.343255294280146 
-2.4168811349962573 -2.2732518400184714 -2.4158705700171224 -2.3634234488241344 -11.36248034627088 -11.357399796865606 
-2.4890754474402716 -2.4706134384640244 -2.489325770523854 -2.4823439278149246 -11.482233318814146 -11.482012222525231 
0.0 0.0 0.0 0.0 0.0 0.0 
-2.482205170045819 -2.45102239744014 -2.4823168955245274 -2.470579318929856 -11.470083698638632 -11.466784827116314 
-2.4862726947590086 -2.4705985975745492 -2.4705996106138586 -2.4814875556020604 -11.476414004769735 -11.475451961300212 
-2.452706976446416 -2.4183355822423334 -2.4183380103247503 -2.444974887338147 -11.414994156472956 -11.372327244723559 
-2.48691480398819 -2.470608452564811 -2.470607420796974 -2.478649844990079 -11.475395211085333 -11.476510943665247 
0.0 0.0 0.0 0.0 0.0 0.0 
-1.4506595164561826 0.41599999999999304 -1.4501713694172729 -0.7505144980268679 -9.749222717528252 -9.74716595599707 
-2.1181460069280345 -1.4502400000000035 -1.4502886010141791 -1.870128792780227 -10.867361179647553 -10.868084712021695 
-1.4514032351334634 0.41599999999999304 -1.4502477219969006 -0.7504557879376654 -9.750087079512692 -9.750332844829739 
-1.8701560948094222 -0.7504000000000046 -0.7504236642903666 -1.4502422872756082 -10.450114229026372 -10.450197426395878 
0.0 0.0 0.0 0.0 0.0 0.0 
-2.4918069877090137 -2.482367790757158 -2.4887810350423356 -2.482367731276315 -11.46081693481384 -11.476923560720262 
-2.4356431536256853 -2.3639481096153268 -2.415592983445231 -2.3639480711588834 -11.374865565612374 -11.367358188740868 
-2.4865824396145726 -2.4706093742322572 -2.480683375393875 -2.470609571016093 -11.47744904034949 -11.465599706802768 
-2.493088515537927 -2.482368059882271 -2.4892249586507145 -2.4931620252482767 -11.488209571571934 -11.488672064463813 
0.0 0.0 0.0 0.0 0.0 0.0 
-2.492724722471541 -2.4823680404302895 -2.4886793403474954 -2.4928072565472075 -11.488615042820644 -11.488968251781905 
-2.4677754272154555 -2.418370661492621 -2.4505864412938445 -2.4692693067920244 -11.446337844990591 -11.443353491716769 
-2.443322445877761 -2.363951104297712 -2.4158442442256653 -2.364170173611813 -11.40952858577535 -11.410069807556836 
-2.4921558023689676 -2.482367701535029 -2.4889044216108918 -2.482367635636221 -11.487258998711406 -11.484888927291596 
0.0 0.0 0.0 0.0 0.0 0.0 
-2.4883117485808146 -2.470613356241203 -2.4817108322909216 -2.4706133628454743 -11.47052471337733 -11.480199300052842 
-2.4818755806688824 -2.4510223974390546 -2.4701283010876454 -2.481447984320239 -11.465558486155668 -11.466769126051805 
-2.447795772275518 -2.3639511040182 -2.417955148259331 -2.4500427361835238 -11.416424638591257 -11.41070853392553 
-2.481581118261075 -2.4510223974387952 -2.470350847519728 -2.48198430047833 -11.467628916132934 -11.468985795214373 
0.0 0.0 0.0 0.0 0.0 0.0 
-1.8667029920851441 -0.7504000000000046 -1.450054928680376 -0.7505883216810899 -10.449272722101005 -10.447968003644426 
-1.8702802887074927 -0.7504000000000046 -1.450403299865601 -1.8701196145780286 -10.449468917101614 -10.450091608133134 
-1.870066693077753 -0.7504000000000046 -1.4502560152685469 -0.7506115460914184 -10.45018168230359 -10.449899394931455 
-1.4503062005277547 0.41599999999999304 -0.7504157687770038 -1.4502409534466751 -9.750368052716343 -9.750394209131347 
0.0 0.0 0.0 0.0 0.0 0.0 
-2.495782402616819 -2.489420836949013 -2.4953706685484933 -2.4935708531879346 -11.493248664059514 -11.49234792506111 
-2.4687859271640367 -2.4183706612748708 -2.466475745986479 -2.449813631620327 -11.446318419869764 -11.448285464464902 
-2.4928218498587515 -2.4823680492820346 -2.4922829129942943 -2.487539360869277 -11.484805211861785 -11.487470309324852 
-2.484752490856817 -2.470570735353716 -2.4705733694040983 -2.4784094486156167 -11.408063077746649 -11.466811987602153 
0.0 0.0 0.0 0.0 0.0 0.0 
-2.481679717539824 -2.470602273319106 -2.470603866984685 -2.4804606012657557 -11.471190787936496 -11.45411909619133 
-2.437329289194334 -2.3639344823604955 -2.3639331469308886 -2.410006459414078 -11.385782572785121 -11.349552277011325 
-2.469482252489377 -2.4183706632760233 -2.4690983950134955 -2.449751811259581 -11.44862516692266 -11.422733061422681 
-2.49544866118106 -2.489420837789264 -2.495696296646452 -2.493370272580434 -11.487338147062916 -11.493065943740572 
0.0 0.0 0.0 0.0 0.0 0.0 
-2.4929973621672796 -2.4823680630775415 -2.493480645122685 -2.4892559268690313 -11.488946838140981 -11.4890474717246 
-2.273251840000004 -2.4183706623674905 -2.4183706623181216 -2.36395110398666 -11.363951103779707 -11.363951102755996 
-1.870144000000003 -2.2732518400045003 -2.2732518407947837 -2.122086400889422 -11.122086388617642 -11.122086328053168 
-2.273251840000004 -2.4183706616715583 -2.41837066216233 -2.363951102962965 -11.363951084099707 -11.363951102099811 
0.0 0.0 0.0 0.0 0.0 0.0 
-2.122086399999998 -1.4502400000000035 -2.1220863999987096 -1.870144000000134 -10.870143999997968 -10.87014399999952 
-1.450240003756636 0.41599999999999304 0.4159997996750426 -0.7504000022731968 -9.750399533544247 -9.75039984731218 
-2.1220864000011397 -1.4502400000000035 -2.1220864000307635 -1.8701440000280678 -10.87014399974191 -10.870143999972735 
10.999999999999982 2.3599999999999888 2.3599999999999888 5.599999999999985 -3.4000000000000092 -3.4000000000000092 
0.0 0.0 0.0 0.0 0.0 0.0 
-2.495469428267988 -2.493617064005787 -2.4947853001993203 -2.4936165012156293 -11.49454009292724 -11.488076789720868 
-2.4731963550662943 -2.4507672249745918 -2.45987363438813 -2.45076823092276 -11.453158899546704 -11.41291080524971 
-2.4914531067022296 -2.489294919916287 -2.489537230389682 -2.489298918479615 -11.489359673288256 -11.467195326252137 
-2.4815841008533512 -2.4510223969594223 -2.469254367117361 -2.48012465275788 -11.464438177219428 -11.466339914567028 
0.0 0.0 0.0 0.0 0.0 0.0 
-2.481544778655544 -2.4510223972965677 -2.4699158991060095 -2.481637954624145 -11.46474493493818 -11.462315569622731 
-2.417256042406745 -2.273251839990169 -2.361350149972463 -2.4159528849226968 -11.360671766066556 -11.356668513744335 
-2.4767341349578427 -2.4509629942335613 -2.465830938547769 -2.450975200691621 -11.434119241631373 -11.447001593577552 
-2.495949734996276 -2.493630024220628 -2.4952357123589795 -2.4936240454067162 -11.494781990694902 -11.493317146802967 
0.0 0.0 0.0 0.0 0.0 0.0 
-2.493874089961184 -2.4894121449032647 -2.4932589286585065 -2.4894120097893806 -11.492481551099555 -11.490575411554772 
-2.3639511995905895 -2.4501543775628862 -2.418028779356102 -2.3639511040000007 -11.417781086159676 -11.416971355629139 
-2.1222773517342763 -2.362326459360893 -2.272488848703474 -2.1220864000011654 -11.265135451642784 -11.265109332000051 
-2.363959476613997 -2.4509310638160184 -2.418317554332397 -2.3639511040000043 -11.417293291995604 -11.417703024733298 
0.0 0.0 0.0 0.0 0.0 0.0 
-2.273134793921819 -1.8701569284002013 -2.1220568764357663 -1.870144000000003 -11.121353449543943 -11.121705622405726 
-0.7577820816532869 2.3599999999999888 0.4101251988633414 -0.7507223702314729 -8.583345357688266 -8.584023221291648 
-2.271412213086036 -1.870664302026634 -2.121768655654245 -1.8701440000001348 -11.115742601924204 -11.114798876857629 
5.59999977524749 0.41599458024396807 2.3599994387031873 5.599999999999985 -6.639999921891097 -6.639998009449858 
0.0 0.0 0.0 0.0 0.0 0.0 
-2.4742163927005953 -2.4704538190164387 -2.4742318379424253 -2.4753006848748873 -11.45495190454946 -11.428678044351441 
-2.333272613084932 -2.2732301391088257 -2.310728116750315 -2.304569371917294 -11.008775417014927 -11.020821919260044 
-2.4556517978816497 -2.450769628105173 -2.4578323283107304 -2.460921163886241 -11.31874389502006 -11.368968788782619 
-2.496268010151685 -2.496069701001587 -2.4961528641126574 -2.496354992103061 -11.493067237474396 -11.490878965274668 
0.0 0.0 0.0 0.0 0.0 0.0 
-2.496276228296628 -2.496030132162317 -2.496260804341344 -2.4966113020553284 -11.492035539961753 -11.485667933617693 
-2.4863939761955027 -2.4822898141453265 -2.48439750368815 -2.486858047661125 -11.479810132107916 -11.481289319141341 
-1.4502400010925172 -1.8701440014241415 -1.450240001039051 -1.4502400037701721 -0.7504000000000046 -10.450240000196017 
-2.363951104005729 -2.418370662399263 -2.3639511040271968 -2.363951104003525 -2.273251840000004 -11.363951103986503 
0.0 0.0 0.0 0.0 0.0 0.0 
-2.273251840002517 -2.363951104000112 -2.2732518400063175 -2.273251840000802 -2.1220864000000033 -11.273251839992515 
-2.4895705262789942 -2.489126435216953 -2.49099230333212 -2.4900408185601393 -11.468247813454438 -11.47212312294268 
-2.472852606493134 -2.470375709231899 -2.47693739643847 -2.4755492189672994 -11.449001165284322 -11.417060501642515 
-2.4897992776593583 -2.4888379458680783 -2.4891462561498257 -2.488836530619397 -11.449534025887795 -11.483617308547087 
0.0 0.0 0.0 0.0 0.0 0.0 
-0.7504000000068075 0.41599999999999304 -0.7504000002182618 -0.7504000005434285 -9.750399999844445 -1.4502400005330427 
-2.2732518401935113 -2.1220864000000033 -2.2732518400908397 -2.273251842038522 -11.273251837303535 -2.3639511039520564 
10.999999999999982 5.599999999999985 10.999999999999982 10.999999999999982 1.9999999999999902 19.999999999999986 
-2.1220864000797706 -1.870144000000003 -2.122086400005223 -2.122086400000188 -11.122086399999487 -2.2732518400000097 
0.0 0.0 0.0 0.0 0.0 0.0 
-2.4878840191179963 -2.48236770940062 -2.4902526609724918 -2.4882694311808446 -11.47115985274718 -11.471178713041592 
-2.403495199945614 -2.363950144091152 -2.4259445473413823 -2.4002633971409315 -11.306985307463501 -11.277808618091616 
-2.4803445054231505 -2.47061305842302 -2.4867398237966096 -2.4805520632203804 -11.478269351145327 -11.473159067422829 
-2.493543144689921 -2.4932604911113514 -2.4933057647312493 -2.4945792335159283 -11.482275633487985 -11.481757088456249 
0.0 0.0 0.0 0.0 0.0 0.0 
-2.4926878527067897 -2.492516581210055 -2.492578237914482 -2.4929292214329997 -11.482109353967978 -11.481820542379838 
-2.4701151724059396 -2.468400087071505 -2.4685646757392643 -2.470365017124702 -11.389592484453653 -11.423948297725335 
-2.407613576376452 -2.363953070954372 -2.434536815180617 -2.412468693095245 -11.368465374436827 -11.39128375496738 
-2.486919193250319 -2.4823665989356534 -2.491212107829785 -2.487454325146496 -11.468677789799258 -11.480467071908162 
0.0 0.0 0.0 0.0 0.0 0.0 
-2.4795479267672866 -2.470613418133816 -2.4855945262359027 -2.478934288346414 -11.45955968177926 -11.473696726314827 
-2.483263032380349 -2.481992794531809 -2.4819548453533296 -2.4848597114004614 -11.44871981627389 -11.472557918738538 
-2.4559067526796663 -2.446920749742476 -2.44681684775834 -2.4513944786010082 -11.320573131177715 -11.392084000908586 
-2.4840347346159044 -2.4821005957735043 -2.481978813353954 -2.483566127509142 -11.475696668504952 -11.46548086758071 
0.0 0.0 0.0 0.0 0.0 0.0 
-1.439513433262574 -0.7504239254246481 -1.6916065140659176 -1.4338323846936016 -9.778759761222107 -10.01646370845065 
-2.0288865477387925 -1.8679284597742725 -1.8680581433958627 -2.0006102530157617 -10.28635622330492 -10.534201885215069 
-1.4510881835296277 -0.7505926135992633 -1.796177719695613 -1.458050793949451 -9.317662128691856 -10.04164617429815 
-1.7808580119754054 -1.4502421052185013 -1.4766034603459388 -1.8378957469382926 -10.512449395888996 -9.97639898885061 
0.0 0.0 0.0 0.0 0.0 0.0 
-2.490005842640647 -2.4891874322615943 -2.4898457878269977 -2.4891704086954856 -11.462686201962946 -11.476753238319835 
-2.4282037679143267 -2.416617483300967 -2.422709245643877 -2.4165531741716695 -11.32605978311538 -11.395776359328792 
-2.4869146154243387 -2.4820471638381374 -2.4861532207991472 -2.4820439298217396 -11.471544516267825 -11.480214286120619 
-2.4923122537620372 -2.489417767217451 -2.49226007786087 -2.492901055758191 -11.481624776447218 -11.480948241574628 
0.0 0.0 0.0 0.0 0.0 0.0 
-2.491384960776183 -2.4894050011361544 -2.491408127953157 -2.492110951306195 -11.480499193518645 -11.482895323138466 
-2.4622999863933415 -2.451002800910337 -2.46169377449717 -2.461757089826931 -11.435257449285478 -11.446356229068359 
-2.4279499367988233 -2.4173503897178428 -2.4320048794701115 -2.4173246894969234 -11.350168925070424 -11.402981262946124 
-2.490077212640379 -2.489099397751183 -2.4912036564595668 -2.4891193004460432 -11.48237906007557 -11.483755744822572 
0.0 0.0 0.0 0.0 0.0 0.0 
-2.485963778942365 -2.4822588218161235 -2.485804168224018 -2.482246772524117 -11.480999945532577 -11.459342704187888 
-2.4786975347418214 -2.470610735009976 -2.4806919094994777 -2.4858501065169705 -11.47275940700649 -11.471154457333652 
-2.435184586115586 -2.4183552157560646 -2.4428026044270243 -2.4413040058933135 -11.383846794680784 -11.357433121453123 
-2.480105740855467 -2.470610691286563 -2.4813722363379127 -2.4862496643930623 -11.471503773070685 -11.454485068440583 
0.0 0.0 0.0 0.0 0.0 0.0 
-1.6009153096920279 -1.4483419154972035 -1.7235289492013448 -1.4484709788699932 -9.107569496314806 -10.264120092995993 
-1.840709036223082 -1.4502578850899712 -1.8404788821195577 -2.021112457425635 -10.3323200054989 -10.16025840414364 
-1.7747478282792213 -1.4502324618642042 -1.7860288394525046 -1.4635233917222448 -10.46164810357511 -10.609058424076318 
-1.4572776938211007 -0.7504108454332112 -1.4529177610079347 -1.8297968525515833 -9.556475187385004 -10.2721841245122 
0.0 0.0 0.0 0.0 0.0 0.0 
-2.4946762968273757 -2.4936405074713353 -2.496414216333644 -2.495379828973767 -11.483886097627769 -11.493529285179866 
-2.462539815697684 -2.4510138951665428 -2.468984824199847 -2.464419421993147 -11.456832593072365 -11.39612459706371 
-2.4918629246486086 -2.4894089669022947 -2.49308127153649 -2.4919116802652495 -11.48529432275664 -11.483097911519666 
-2.4834921359446955 -2.4814322231479395 -2.4813674090384743 -2.482516473805636 -11.477242636241026 -11.445539929823525 
0.0 0.0 0.0 0.0 0.0 0.0 
-2.481554037972214 -2.480970988896979 -2.481004163651579 -2.4810350878998175 -11.449459390936386 -11.45804148905822 
-2.4306198047248215 -2.416665153848917 -2.416649436723673 -2.441158442621317 -11.40629477743615 -11.38598142673481 
-2.469187197135548 -2.4510211919317677 -2.4752597016975564 -2.4657319476589428 -11.415540493859579 -11.435289992007439 
-2.4938731691381975 -2.493649566187699 -2.494588743689509 -2.495356649863662 -11.492596340385244 -11.489686301001418 
0.0 0.0 0.0 0.0 0.0 0.0 
-2.4921013455312475 -2.489419575964339 -2.493499371046589 -2.4922192155369656 -11.481191563735438 -11.487702206683082 
-2.273251840065906 -2.363951103989442 -2.363951103956372 -2.27325184000283 -2.1220864000000033 -11.27325183947277 
-1.8701440001132046 -2.122086400784772 -2.1220864002738287 -1.8701440044816402 -1.4502400000000035 -10.870143999935756 
-2.2732518403334607 -2.3639511037599514 -2.363951104141874 -2.273251840108021 -2.1220864000000033 -11.273251839998299 
0.0 0.0 0.0 0.0 0.0 0.0 
-2.122086399997194 -1.870144000000003 -2.2732517913054524 -2.1220864000133703 -11.122086399924306 -2.2732518399478816 
-1.4502400069864532 -0.7504000000000046 -0.7504014208034776 -1.450240000655712 -10.450239845734911 -1.8701440041205522 
-2.122086400016132 -1.870144000000003 -2.2732518398853587 -2.1220864000754176 -11.122086399979194 -2.273251839880511 
10.999999999999982 5.599999999999985 5.599999999999985 10.999999999999982 1.9999999999999902 19.999999999999986 
0.0 0.0 0.0 0.0 0.0 0.0 
-2.496088214276832 -2.495858047897312 -2.495998742023789 -2.4957995830634996 -11.48165734631826 -11.48300475540167 
-2.469482019878787 -2.4688317036800544 -2.470027298647156 -2.468776997137303 -11.457444448005711 -11.426627370561308 
-2.4934096578667226 -2.492902623166586 -2.493389944175267 -2.4929008078796646 -11.489206640025408 -11.487025308899597 
-2.4795716717277454 -2.470601706489675 -2.4781293514821057 -2.4835289198480335 -11.446025648692226 -11.457730661563794 
0.0 0.0 0.0 0.0 0.0 0.0 
-2.478250743469368 -2.470605929666145 -2.4765952105278197 -2.482478126074957 -11.436044993420671 -11.459097163765676 
-2.402726106395189 -2.363946624309925 -2.3963615870411306 -2.4372748094878682 -11.379206686238058 -11.094830784409355 
-2.4777020182981526 -2.4699838366773483 -2.474442099863063 -2.4699711365912367 -11.434425116639567 -11.442334168202345 
-2.496498456769144 -2.495830339782845 -2.4961383033730735 -2.495816626855846 -11.494148127079029 -11.492856136021205 
0.0 0.0 0.0 0.0 0.0 0.0 
-2.4939657082539517 -2.4932199547087506 -2.494214727854604 -2.493261228372808 -11.483387022191243 -11.48093311814521 
-2.3636197311092166 -2.41603852564111 -2.3635948472816772 -2.273251840000176 -11.362466569374533 -11.354229548806845 
-2.1218235247590007 -2.2693594250765807 -2.122010716618187 -1.8701440000006029 -11.10112808009368 -11.120843928515074 
-2.3636396609800543 -2.4175631653682577 -2.363331739360216 -2.273251840003088 -11.354071919171313 -11.353248460218264 
0.0 0.0 0.0 0.0 0.0 0.0 
-2.2667231861390595 -2.122086377507922 -2.272148599185785 -2.1220863784806445 -11.268108205307652 -11.259836405497293 
-0.7852612470696207 0.415999890535285 -0.7729767259983052 -1.4487723017738066 -9.72312080243398 -9.73761931722208 
-2.2722790622870757 -2.122310434542003 -2.270753192616623 -2.1220864000020883 -11.270379326659508 -11.25236555780312 
5.599978670471333 2.359909444159396 5.599933555926452 10.999999999999982 -3.400045494057574 -3.400005758906964 
