0.0 0.0 0.0 0.0 0.0 0.0 
-2.418370662400001 -2.3639511040000007 -2.418370662400001 -2.3639511040000007 -2.273251840000004 -11.363951103999995 
-1.8701440000000011 -1.4502400000000035 -1.870144000000003 -1.4502400000000035 -0.7504000000000046 -10.450239999999994 
-2.3639511040000007 -2.2732518400000004 -2.3639511040000007 -2.2732518400000004 -2.1220864000000033 -11.273251839999993 
-2.4961915016249296 -2.4977112646280513 -2.4961915016249296 -2.4977133126718845 -11.497655713236155 -11.497677525872849 
0.0 0.0 0.0 0.0 0.0 0.0 
-2.4961915016249026 -2.497694897461478 -2.4961915016249066 -2.497708432928868 -11.497696335537162 -11.49723621614122 
-2.48236806307838 -2.4894158321364728 -2.482368063078379 -2.4893678907924888 -11.489273388764122 -11.48934679167605 
-2.273251840000004 -2.3639510457701807 -2.4183705103169046 -2.3639509621680728 -11.363941182191857 -11.363947968138714 
-2.4706134384640004 -2.4823679278726236 -2.489420774874363 -2.4823677816295233 -11.482367607244111 -11.48236601108831 
0.0 0.0 0.0 0.0 0.0 0.0 
-2.451022397440001 -2.470613112427996 -2.48236801249208 -2.4706132557557536 -11.470613335065261 -11.470613289344788 
-2.489420837847037 -2.4936512541769593 -2.489420837847037 -2.4936460877185915 -11.493512622206199 -11.493581655613905 
-2.470613438463993 -2.482361640089599 -2.470613438463993 -2.4823417147869122 -11.481493575008617 -11.481236171226996 
-2.4894208378470295 -2.4936363279441816 -2.489420837847032 -2.4936367478769492 -11.493594323997831 -11.493427914185057 
0.0 0.0 0.0 0.0 0.0 0.0 
5.599999999999985 10.999999999999982 5.599999999999985 10.999999999999982 1.9999999999999902 19.999999999999986 
-2.1220864000000033 -2.2732518400000004 -2.1220864000000033 -2.2732518400000004 -11.273251839999993 -2.3639511040000007 
0.41599999999999304 -0.7504000000000046 -1.4502400000000035 -0.7504000000000046 -9.750399999999996 -1.4502400000000035 
-1.870144000000003 -2.1220863999999997 -1.870144000000003 -2.1220863999999997 -11.122086399999993 -2.2732518400000004 
0.0 0.0 0.0 0.0 0.0 0.0 
-2.451022397440001 -2.418370662400001 -2.418370662400001 -2.3639511040000043 -11.418370662399994 -11.418370662399994 
-2.1220863999999997 -1.870144000000003 -1.870144000000003 -1.4502400000000035 -10.870143999999993 -10.870143999999993 
-2.4183706623999983 -2.3639511040000007 -2.3639511040000007 -2.273251840000004 -11.363951103999995 -11.363951103999995 
-2.493652502708219 -2.496191283563461 -2.4961911342040723 -2.497714859883781 -11.496189852527571 -11.496185178928126 
0.0 0.0 0.0 0.0 0.0 0.0 
-2.493652502708219 -2.496191242743894 -2.4961910402485614 -2.4977139477754777 -11.496175109781582 -11.496189911208765 
-2.470613438463995 -2.4823676361019404 -2.4823679566990267 -2.4894203509342425 -11.482363316044255 -11.482366653028567 
-2.363951103999998 -2.418367511124408 -2.4183675798747064 -2.3639511040000007 -11.418310071909163 -11.418310940546625 
-2.4823680630783986 -2.4894193529886355 -2.4894201415185657 -2.4823680630783986 -11.489415541838163 -11.489417491296313 
0.0 0.0 0.0 0.0 0.0 0.0 
-2.4706134384639986 -2.4823613351897107 -2.4823628493069356 -2.4706134384639986 -11.482290487491971 -11.482328534797372 
-2.4823680630783986 -2.4894206966928327 -2.4894207899590914 -2.4936509342075595 -11.489412082114049 -11.489420282454581 
-2.4510223974399983 -2.4706130184421555 -2.470612885780871 -2.482366389190217 -11.470612836022317 -11.470607210231162 
-2.4823680630783986 -2.4894178083223895 -2.489420160569964 -2.4936522612251304 -11.489418150599349 -11.489412634147662 
0.0 0.0 0.0 0.0 0.0 0.0 
2.3599999999999888 5.599999999999985 5.599999999999985 10.999999999999982 -3.4000000000000092 -3.4000000000000092 
-1.870144000000003 -2.12208639999996 -2.1220863999999997 -2.2732518399999626 -11.122086399999448 -11.122086399999379 
-0.7504000000041713 -1.4502399999999662 -1.450239999999997 -0.7504000000000046 -10.450239999999246 -10.450239999999935 
-1.4502400000000035 -1.8701440000000162 -1.8701440000001937 -2.1220863999935435 -10.87014399992798 -10.870143999916744 
0.0 0.0 0.0 0.0 0.0 0.0 
-2.489420837847039 -2.4936524297081117 -2.4961913697761253 -2.4936524528040853 -11.493652425599608 -11.493652067497266 
-2.418370662400001 -2.4510218627598785 -2.4706126438961244 -2.4510209095828372 -11.450978782586848 -11.451017977443335 
-2.482368063078396 -2.489420749090647 -2.4936524153585817 -2.489420779861565 -11.489420682647527 -11.489419805919638 
-2.470613438463997 -2.4510223974399983 -2.418370662400001 -2.4510223974399983 -11.451022397439992 -11.451022397439992 
0.0 0.0 0.0 0.0 0.0 0.0 
-2.470613438463997 -2.4510223974399983 -2.418370662400001 -2.4510223974399983 -11.451022397439992 -11.451022397439992 
-2.3639511039942196 -2.2732518399932564 -2.1220864000000033 -2.273251839987962 -11.273251839996695 -11.273251839973481 
-2.418370662400001 -2.451020573913459 -2.4706130521145164 -2.451022078841625 -11.451015584139487 -11.451020313245001 
-2.4894208378470406 -2.493652461306809 -2.49619136218669 -2.4936522868772912 -11.493649646391201 -11.493646765598276 
0.0 0.0 0.0 0.0 0.0 0.0 
-2.4823680630784013 -2.489420706893611 -2.4936524206936 -2.4894208093206114 -11.48941958463686 -11.489420521846698 
-2.4706134384639986 -2.482365959340169 -2.4706134384639986 -2.4823606138384404 -11.482332321831219 -11.48235225243894 
-2.4183706623999983 -2.4510105231198227 -2.4183706623999983 -2.4510097291661412 -11.450858369407838 -11.450764702521575 
-2.4706134384639986 -2.4823623439841676 -2.4706134384639986 -2.482360655075879 -11.482238772986477 -11.482187030550469 
0.0 0.0 0.0 0.0 0.0 0.0 
-1.4502400000000035 -1.8701440693069475 -2.1220850391070565 -1.8701439931387984 -10.870031428715679 -10.870135099601033 
0.41599999999999304 2.3599999999999888 5.599999999999985 2.3599999999999888 -6.640000000000006 -6.640000000000006 
-1.4502400000000035 -1.8701435881023232 -2.1220813991859884 -1.87014393915471 -10.86953036724741 -10.870124953159369 
-0.7504000000000046 -1.4502037419969063 -0.7504519959426662 -1.4502360821167497 -10.44945183743943 -10.449818319742866 
0.0 0.0 0.0 0.0 0.0 0.0 
-2.4936525027082217 -2.496191089363925 -2.4977135998444777 -2.4936525027082217 -11.4961898731264 -11.49618604816719 
-2.4510223974399983 -2.470607527948968 -2.4823660263802005 -2.4510223974399983 -11.470608255187381 -11.47056971011087 
-2.4894208378470353 -2.4936502100060536 -2.4961908334720206 -2.4894208378470353 -11.493622353514398 -11.493643452514268 
-2.4510223974399983 -2.418370662400001 -2.3639511040000043 -2.4510223974399983 -11.418370662399994 -11.418370662399994 
0.0 0.0 0.0 0.0 0.0 0.0 
-2.4510223974399983 -2.418370662400001 -2.3639511040000043 -2.4510223974399983 -11.418370662399994 -11.418370662399994 
-2.2732518400000004 -2.1220863999999997 -1.870144000000003 -2.2732518400000004 -11.122086399999993 -11.122086399999993 
-2.4510223974399983 -2.470607882614258 -2.482366006780891 -2.4510223974399983 -11.47056375543264 -11.470538186930556 
-2.4936525027082226 -2.4961912731243254 -2.4977144551708736 -2.4936525027082226 -11.496188795209019 -11.496189053435403 
0.0 0.0 0.0 0.0 0.0 0.0 
-2.489420837847039 -2.4936524021292925 -2.49619088364952 -2.489420837847039 -11.49364902453518 -11.49365006013251 
-2.451022397440001 -2.4706134072181105 -2.4823680527056187 -2.482368048261805 -11.470613288874244 -11.470613414805689 
-2.3639511040000007 -2.41837064007868 -2.451022336520661 -2.451022256802761 -11.418369482107208 -11.418370295781083 
-2.451022397440001 -2.470613422605617 -2.4823679578815483 -2.4823680308131055 -11.470611550537049 -11.470611399952872 
0.0 0.0 0.0 0.0 0.0 0.0 
-1.870144000000003 -2.1220863999999997 -2.2732518400000004 -1.870144000000003 -11.122086399999993 -11.122086399999993 
2.3599999999999888 5.599999999999985 10.999999999999982 2.3599999999999888 -3.4000000000000092 -3.4000000000000092 
-1.870144000000003 -2.1220863999980537 -2.2732518399961554 -1.8701440000001228 -11.122086399991877 -11.122086399981212 
0.41599999999999304 -0.7504000009864823 -1.4502399999949556 -1.4502399999685667 -9.75039999985423 -9.750399998819377 
0.0 0.0 0.0 0.0 0.0 0.0 
-2.4961915016249314 -2.497705996864282 -2.4976992509271994 -2.4961915016249314 -11.497675922260042 -11.497643298705668 
-2.4706134384639844 -2.482274947101598 -2.4823571647443567 -2.4706134384639826 -11.481191838267447 -11.482265416671366 
-2.493652502708187 -2.49618320386159 -2.4961886947895198 -2.4936525027081844 -11.495770376732997 -11.49603118565551 
-2.418370662400001 -2.3639511040000007 -2.3639511040000007 -2.418370662400001 -2.273251840000004 -11.363951103999995 
0.0 0.0 0.0 0.0 0.0 0.0 
-2.418370662400001 -2.3639511040000007 -2.3639511040000007 -2.418370662400001 -2.273251840000004 -11.363951103999995 
-2.1220863999999997 -1.870144000000003 -1.870144000000003 -2.1220863999999997 -1.4502400000000035 -10.870143999999993 
-2.4706134384638605 -2.4823226774640035 -2.482347896656552 -2.4706134384638565 -11.481060034008236 -11.482324660466139 
-2.496191501624924 -2.4977093401667005 -2.497710846521645 -2.496191501624923 -11.497703258129231 -11.497622318096292 
0.0 0.0 0.0 0.0 0.0 0.0 
-2.493652502708171 -2.4961877064342386 -2.4961829427049054 -2.493652502708172 -11.496077788829622 -11.49616671040563 
-2.470613438463997 -2.4823632700168847 -2.4823657326320117 -2.4706134384639986 -11.482362820560533 -11.482357112423081 
-2.4183706623999983 -2.4510192255450716 -2.4509958894441617 -2.4183706623999983 -11.450893045257011 -11.450963413527743 
-2.470613438463997 -2.482349855584038 -2.482341214184819 -2.470613438463997 -11.482231315247523 -11.482333476413064 
0.0 0.0 0.0 0.0 0.0 0.0 
-2.1220864000000033 -2.2732518400000004 -2.2732518400000004 -2.1220864000000033 -11.273251839999993 -2.3639511040000007 
5.599999999999985 10.999999999999982 10.999999999999982 5.599999999999985 1.9999999999999902 19.999999999999986 
-2.1220864000000033 -2.2732518400000004 -2.2732518400000004 -2.1220864000000033 -11.273251839999993 -2.3639511040000007 
-0.7504000000000046 -1.4502400000000035 -1.4502400000000035 -0.7504000000000046 -10.450239999999994 -1.8701440000000011 
0.0 0.0 0.0 0.0 0.0 0.0 
-2.451022397440001 -2.3639511040000043 -2.451022397440001 -2.418370662400001 -11.418370662399994 -11.418370662399994 
-2.1220863999999997 -1.4502400000000035 -2.1220863999999997 -1.870144000000003 -10.870143999999993 -10.870143999999993 
-2.418370662400001 -2.273251840000004 -2.4183706623999983 -2.3639511040000007 -11.363951103999995 -11.363951103999995 
-2.493652502708219 -2.497714885893352 -2.493652502708219 -2.4961914903312197 -11.496191467770677 -11.49619131720408 
0.0 0.0 0.0 0.0 0.0 0.0 
-2.493652502708219 -2.4977147118324323 -2.493652502708219 -2.496191495697677 -11.49619088727486 -11.496191282788626 
-2.470613438463995 -2.4894207206790897 -2.470613438463995 -2.482368050025894 -11.48236763435067 -11.482367503785792 
-2.1220864000000033 -2.3639511040000007 -2.363951103999998 -2.2732518400000004 -11.273251839999993 -11.273251839999993 
-2.4510223974400045 -2.4823680630783986 -2.4823680630783986 -2.4706134384640004 -11.470613438463996 -11.470613438463996 
0.0 0.0 0.0 0.0 0.0 0.0 
-2.4183706624000045 -2.4706134384639986 -2.4706134384639986 -2.451022397440001 -11.451022397439996 -11.451022397439996 
-2.4823680630783986 -2.4936523060339586 -2.4823680630783986 -2.489420809781686 -11.489420699130768 -11.489420447318807 
-2.451022397440001 -2.4823679128506586 -2.4510223974399983 -2.4706134232532007 -11.470612787876163 -11.470613213875911 
-2.4823680630783986 -2.4936521234727804 -2.4823680630783986 -2.4894207960161174 -11.489418370923405 -11.489420451639857 
0.0 0.0 0.0 0.0 0.0 0.0 
2.3599999999999888 10.999999999999982 2.3599999999999888 5.599999999999985 -3.400000000000013 -3.400000000000013 
-1.870144000000003 -2.2732518400000004 -1.870144000000003 -2.1220863999999997 -11.122086399999993 -11.122086399999993 
2.3599999999999888 -0.7504000000000046 -0.7504000000000046 0.41599999999999304 -8.584 -8.584 
-1.4502400000000035 -2.1220863999999997 -1.4502400000000035 -1.8701440000000011 -10.870143999999993 -10.870143999999993 
0.0 0.0 0.0 0.0 0.0 0.0 
-2.4706134384640004 -2.4183706624000045 -2.451022397440001 -2.4183706624000045 -11.451022397439996 -11.451022397439996 
-2.2732518400000004 -1.870144000000003 -2.1220863999999997 -1.870144000000003 -11.122086399999993 -11.122086399999993 
-2.4510223974399974 -2.3639511040000007 -2.4183706623999983 -2.3639511040000007 -11.418370662399994 -11.418370662399994 
-2.4894208378470353 -2.4961915016107596 -2.4936525027021115 -2.4961915016225564 -11.493652502625089 -11.493652502506288 
0.0 0.0 0.0 0.0 0.0 0.0 
-2.4894208378470353 -2.4961915016235237 -2.4936525027080947 -2.4961915016173917 -11.493652502622117 -11.49365250268142 
-2.4510223974399956 -2.4823680630772045 -2.4706134384413088 -2.482368063070461 -11.470613438168485 -11.470613438443715 
-2.2732518400000004 -2.4183706623969474 -2.363951103990561 -2.2732518400000004 -11.363951103404204 -11.363951103985803 
-2.4706134384640004 -2.4894208378469385 -2.482368063078258 -2.4706134384640004 -11.482368063076798 -11.482368063077903 
0.0 0.0 0.0 0.0 0.0 0.0 
-2.451022397440001 -2.482368063077743 -2.470613438457468 -2.451022397440001 -11.47061343844568 -11.470613438444104 
-2.4706134384640004 -2.4894208378404907 -2.482368063075553 -2.4894208378449045 -11.482368063035993 -11.482368063020076 
-2.418370662400001 -2.4706134384631975 -2.451022397439992 -2.4706134384636007 -11.451022397431078 -11.451022397439681 
-2.4706134384640004 -2.489420837816361 -2.4823680630728715 -2.4894208378451874 -11.482368063072695 -11.482368063014988 
0.0 0.0 0.0 0.0 0.0 0.0 
0.41599999999999304 5.599999999999985 2.3599999999999888 5.599999999999985 -6.640000000000006 -6.640000000000006 
-1.4502400000000035 -2.1220864000000033 -1.870144000000003 -2.1220863999999997 -10.870143999999993 -10.870143999999993 
0.41599999999999304 -1.4502400000000017 -0.7504000000000046 0.41599999999999304 -9.750399999999996 -9.750399999999996 
-0.7504000000000046 -1.870144000000003 -1.4502400000000035 -1.8701440000000011 -10.450239999999994 -10.450239999999994 
0.0 0.0 0.0 0.0 0.0 0.0 
-2.4823680630784013 -2.4936525027082093 -2.4936525027081173 -2.4894208378470255 -11.489420837844495 -11.48942083784679 
-2.3639511040000043 -2.451022397439851 -2.4510223974375487 -2.418370662399888 -11.418370662399361 -11.418370662399393 
-2.470613438463997 -2.4894208378469616 -2.489420837846838 -2.482368063078256 -11.482368063077926 -11.482368063078141 
-2.482368063078396 -2.4510223974399983 -2.4510223974399983 -2.470613438463997 -11.470613438463992 -11.470613438463992 
0.0 0.0 0.0 0.0 0.0 0.0 
-2.482368063078396 -2.4510223974399983 -2.4510223974399983 -2.470613438463997 -11.470613438463992 -11.470613438463992 
-2.4183706623999965 -2.273251840000004 -2.2732518400000004 -2.363951103999998 -11.363951103999991 -11.363951103999991 
-2.3639511040000043 -2.451022397439724 -2.4510223974396212 -2.4183706623999868 -11.41837066239988 -11.418370662399724 
-2.482368063078405 -2.4936525027079357 -2.493652502708205 -2.489420837847033 -11.489420837846907 -11.489420837845934 
0.0 0.0 0.0 0.0 0.0 0.0 
-2.470613438464005 -2.4894208378470313 -2.4894208378469935 -2.482368063076141 -11.482368063078184 -11.482368063076777 
-2.451022397440001 -2.4823680629035834 -2.451022397440001 -2.4706134384444285 -11.47061343839952 -11.470613434484761 
-2.3639511040000007 -2.451022397436676 -2.3639511040000007 -2.4183706623399894 -11.418370662307304 -11.418370662378837 
-2.451022397440001 -2.482368063076117 -2.451022397440001 -2.4706134384637544 -11.470613438401024 -11.470613438460038 
0.0 0.0 0.0 0.0 0.0 0.0 
-0.7504000000000046 -1.8701440000000011 -1.8701440000000011 -1.4502400000000035 -10.450239999999994 -10.450239999999994 
-0.7504000000000046 2.3599999999999888 2.3599999999999888 0.41599999999999304 -8.584 -8.584 
-0.7504000000000046 -1.870144000000003 -1.8701440000000011 -1.4502400000000035 -10.450239999999994 -10.450239999999994 
0.41599999999999304 -1.4502400000000035 0.41599999999999304 -0.7504000000000046 -9.750399999999996 -9.750399999999996 
0.0 0.0 0.0 0.0 0.0 0.0 
-2.489420837847039 -2.496191501480694 -2.496191501536971 -2.489420837847039 -11.49365250101351 -11.493652502299698 
-2.418370662400001 -2.4706134383129577 -2.4706134382635736 -2.418370662400001 -11.451022396991519 -11.451022396279814 
-2.482368063078396 -2.493652502610515 -2.4936525026617025 -2.482368063078396 -11.489420837823543 -11.48942083605688 
-2.470613438463997 -2.418370662400001 -2.418370662400001 -2.470613438463997 -11.451022397439992 -11.451022397439992 
0.0 0.0 0.0 0.0 0.0 0.0 
-2.470613438463997 -2.418370662400001 -2.418370662400001 -2.470613438463997 -11.451022397439992 -11.451022397439992 
-2.363951103999998 -2.1220864000000033 -2.1220864000000033 -2.363951103999998 -11.273251839999993 -11.273251839999993 
-2.418370662400001 -2.4706134383918514 -2.4706134382088742 -2.418370662400001 -11.451022392615668 -11.451022397356269 
-2.4894208378470406 -2.496191501614134 -2.4961915016090024 -2.4894208378470406 -11.493652502514095 -11.493652502704688 
0.0 0.0 0.0 0.0 0.0 0.0 
-2.4823680630784013 -2.493652502673822 -2.493652502565537 -2.4823680630784013 -11.489420837820488 -11.489420837451455 
-2.4183706624000045 -2.4706134384639986 -2.470613438463955 -2.4706134384639986 -11.451022397439996 -11.451022397439996 
-2.273251840000004 -2.4183706623999983 -2.4183706623999983 -2.4183706623999983 -11.363951103999995 -11.363951103999979 
-2.4183706624000045 -2.4706134384639684 -2.4706134384639857 -2.4706134384639986 -11.451022397439996 -11.451022397439976 
0.0 0.0 0.0 0.0 0.0 0.0 
-1.4502400000000035 -2.1220863999999997 -2.1220863999999997 -1.4502400000000035 -10.870143999999993 -10.870143999999993 
0.41599999999999304 5.599999999999985 5.599999999999985 0.41599999999999304 -6.640000000000006 -6.640000000000006 
-1.4502400000000035 -2.1220863999999997 -2.1220863999999997 -1.4502400000000035 -10.870143999999993 -10.870143999999993 
2.3599999999999888 -0.7504000000000046 -0.7504000000000046 -0.7504000000000046 -8.584 -8.584 
0.0 0.0 0.0 0.0 0.0 0.0 
-2.4936525027082217 -2.497714699891539 -2.496191188556704 -2.4936525027082217 -11.496190539647095 -11.496191390820542 
-2.4510223974399983 -2.4823675691222484 -2.4706131823237527 -2.4510223974399983 -11.470612878474997 -11.470606338877248 
-2.4894208378470353 -2.49619106013108 -2.493651717880464 -2.4894208378470353 -11.493652109842538 -11.493652146297794 
-2.4510223974399983 -2.3639511040000043 -2.418370662400001 -2.4510223974399983 -11.418370662399994 -11.418370662399994 
0.0 0.0 0.0 0.0 0.0 0.0 
-2.4510223974399983 -2.3639511040000043 -2.418370662400001 -2.4510223974399983 -11.418370662399994 -11.418370662399994 
-2.2732518400000004 -1.870144000000003 -2.1220863999999997 -2.2732518400000004 -11.122086399999993 -11.122086399999993 
-2.4510223974399983 -2.4823676419867877 -2.4706131688875823 -2.4510223974399983 -11.470596273408168 -11.47060946971653 
-2.4936525027082226 -2.497714767611595 -2.496191283543035 -2.4936525027082226 -11.49619088060478 -11.496190992582925 
0.0 0.0 0.0 0.0 0.0 0.0 
-2.489420837847039 -2.496190994405693 -2.493652037939682 -2.489420837847039 -11.493651143083799 -11.493650755314768 
-2.4510223974399983 -2.482368057571155 -2.4706133959735617 -2.451022397440001 -11.47061330314413 -11.4706132881589 
-2.3639511040000007 -2.451022347548067 -2.4183706428053826 -2.3639511040000007 -11.41837047146642 -11.418369269296972 
-2.4510223974399974 -2.4823680259787033 -2.4706134330639746 -2.451022397440001 -11.470612581575981 -11.470611978823147 
0.0 0.0 0.0 0.0 0.0 0.0 
-1.870144000000003 -2.2732518400000004 -2.1220863999999997 -1.870144000000003 -11.122086399999993 -11.122086399999993 
2.3599999999999888 10.999999999999982 5.599999999999985 2.3599999999999888 -3.400000000000013 -3.400000000000013 
-1.870144000000003 -2.2732518400000004 -2.1220863999999997 -1.870144000000003 -11.122086399999993 -11.122086399999993 
0.41599999999999304 -1.4502400000000035 -0.7504000000000046 0.41599999999999304 -9.750399999999996 -9.750399999999996 
0.0 0.0 0.0 0.0 0.0 0.0 
-2.4706134384639986 -2.4183706624000045 -2.4706134384640004 -2.451022397440001 -11.451022397439996 -11.451022397439996 
-2.2732518399999977 -1.870144000000003 -2.2732518400000004 -2.1220863999999997 -11.122086399999993 -11.122086399999993 
-2.4510223974399947 -2.3639511040000043 -2.4510223974399974 -2.418370662400001 -11.418370662399994 -11.418370662399855 
-2.4961915016249288 -2.4961915016249296 -2.4894208378470353 -2.493652502708208 -11.493652502708184 -11.493652502708128 
0.0 0.0 0.0 0.0 0.0 0.0 
-2.496191501624923 -2.496191501624926 -2.4894208378470353 -2.493652502708219 -11.493652502708212 -11.493652502708212 
-2.4823680630783826 -2.482368063078395 -2.4510223974399956 -2.470613438463995 -11.470613438463975 -11.470613438463861 
-1.870144000000003 -2.2732518400000004 -2.2732518400000004 -2.1220864000000033 -11.122086399999993 -11.122086399999993 
-2.4183706624000045 -2.4706134384640004 -2.4706134384640004 -2.4510223974400045 -11.451022397439996 -11.451022397439996 
0.0 0.0 0.0 0.0 0.0 0.0 
-2.3639511040000043 -2.451022397440001 -2.451022397440001 -2.418370662400001 -11.418370662399994 -11.418370662399994 
-2.4894208378470304 -2.489420837847019 -2.4706134384640004 -2.4823680630783884 -11.482368063077043 -11.482368063078344 
-2.4706134384639444 -2.4706134384598717 -2.4183706624000045 -2.4510223974392567 -11.45102239743296 -11.451022397438692 
-2.489420837847037 -2.489420837847023 -2.4706134384640004 -2.4823680630783986 -11.482368063078312 -11.482368063078393 
0.0 0.0 0.0 0.0 0.0 0.0 
0.41599999999999304 5.599999999999985 0.41599999999999304 2.3599999999999888 -6.640000000000006 -6.640000000000006 
-2.1220863999999997 -2.1220864000000033 -1.4502400000000035 -1.870144000000003 -10.870143999999993 -10.870143999999993 
5.599999999999985 0.41599999999999304 0.41599999999999304 2.3599999999999888 -6.640000000000006 -6.640000000000006 
-1.870144000000003 -1.8701440000000011 -0.7504000000000046 -1.4502400000000035 -10.450239999999994 -10.450239999999994 
0.0 0.0 0.0 0.0 0.0 0.0 
-2.4823680630783986 -2.4510223974400045 -2.4823680630784013 -2.4510223974400045 -11.470613438463996 -11.470613438463996 
-2.3639511040000007 -2.1220864000000033 -2.3639511040000007 -2.1220864000000033 -11.273251839999993 -11.273251839999993 
-2.470613438463997 -2.4183706623999983 -2.470613438463997 -2.418370662400001 -11.451022397439992 -11.451022397439992 
-2.493652502708219 -2.493652502708219 -2.482368063078396 -2.493652502708219 -11.489420837847028 -11.489420837847028 
0.0 0.0 0.0 0.0 0.0 0.0 
-2.493652502708219 -2.493652502708219 -2.482368063078396 -2.493652502708219 -11.489420837847028 -11.489420837847028 
-2.470613438463995 -2.470613438463995 -2.4183706623999965 -2.470613438463995 -11.451022397439989 -11.451022397439989 
-2.3639511040000007 -2.363951103999998 -2.3639511040000007 -2.1220864000000033 -11.273251839999993 -11.273251839999993 
-2.4823680630784013 -2.4823680630783986 -2.4823680630784013 -2.4510223974400045 -11.470613438463996 -11.470613438463996 
0.0 0.0 0.0 0.0 0.0 0.0 
-2.4706134384640004 -2.4706134384639986 -2.4706134384640004 -2.4183706624000045 -11.451022397439996 -11.451022397439996 
-2.482368063078397 -2.4823680630783986 -2.4510223974400045 -2.4823680630783986 -11.470613438463996 -11.470613438463996 
-2.4510223974399983 -2.4510223974399983 -2.3639511040000043 -2.451022397440001 -11.418370662399994 -11.418370662399994 
-2.482368063078397 -2.4823680630783986 -2.4510223974400045 -2.4823680630783986 -11.470613438463996 -11.470613438463996 
0.0 0.0 0.0 0.0 0.0 0.0 
-0.7504000000000046 2.3599999999999888 -0.7504000000000046 2.3599999999999888 -8.584 -8.584 
-1.870144000000003 -1.870144000000003 -0.7504000000000046 -1.870144000000003 -10.450239999999994 -10.450239999999994 
-0.7504000000000046 -0.7504000000000046 -0.7504000000000046 2.3599999999999888 -8.584 -8.584 
-1.4502400000000035 -1.4502400000000035 0.41599999999999304 -1.4502400000000035 -9.750399999999996 -9.750399999999996 
0.0 0.0 0.0 0.0 0.0 0.0 
-2.489420837847037 -2.489420837847039 -2.489420837847039 -2.470613438464005 -11.482368063078393 -11.482368063078393 
-2.4183706623999983 -2.418370662400001 -2.418370662400001 -2.273251840000004 -11.363951103999995 -11.363951103999995 
-2.482368063078396 -2.482368063078396 -2.482368063078396 -2.4510223974399974 -11.470613438463989 -11.470613438463989 
-2.4894208378470353 -2.470613438463997 -2.470613438463997 -2.4894208378470353 -11.48236806307839 -11.48236806307839 
0.0 0.0 0.0 0.0 0.0 0.0 
-2.4894208378470353 -2.470613438463997 -2.470613438463997 -2.4894208378470353 -11.48236806307839 -11.48236806307839 
-2.4510223974399956 -2.363951103999998 -2.363951103999998 -2.4510223974399956 -11.41837066239999 -11.41837066239999 
-2.4183706623999983 -2.418370662400001 -2.418370662400001 -2.273251840000004 -11.363951103999995 -11.363951103999995 
-2.489420837847039 -2.4894208378470406 -2.4894208378470406 -2.470613438464005 -11.482368063078393 -11.482368063078393 
0.0 0.0 0.0 0.0 0.0 0.0 
-2.4823680630783986 -2.4823680630784013 -2.4823680630784013 -2.4510223974400045 -11.470613438463996 -11.470613438463996 
-2.4706134384639986 -2.4706134384639986 -2.4183706624000045 -2.4706134384640004 -11.451022397439996 -11.451022397439996 
-2.418370662400001 -2.4183706623999983 -2.273251840000004 -2.418370662400001 -11.363951103999995 -11.363951103999995 
-2.4706134384639986 -2.4706134384639986 -2.4183706624000045 -2.4706134384640004 -11.451022397439996 -11.451022397439996 
0.0 0.0 0.0 0.0 0.0 0.0 
-1.4502400000000035 -1.4502400000000035 -1.4502400000000035 0.41599999999999304 -9.750399999999996 -9.750399999999996 
-1.4502400000000035 0.41599999999999304 0.41599999999999304 -1.4502400000000035 -9.750399999999996 -9.750399999999996 
-1.4502400000000035 -1.4502400000000035 -1.4502400000000035 0.41599999999999304 -9.750399999999996 -9.750399999999996 
-0.7504000000000046 -0.7504000000000046 2.3599999999999888 -0.7504000000000046 -8.584 -8.584 
0.0 0.0 0.0 0.0 0.0 0.0 
-2.4936525027082217 -2.4936525027082217 -2.4936525027082217 -2.4823680630784013 -11.489420837847032 -11.489420837847032 
-2.4510223974399983 -2.4510223974399983 -2.4510223974399983 -2.3639511040000043 -11.418370662399994 -11.418370662399994 
-2.4894208378470353 -2.4894208378470353 -2.4894208378470353 -2.470613438463997 -11.48236806307839 -11.48236806307839 
-2.482368063078388 -2.4510223974399983 -2.4510223974399983 -2.482368063078396 -11.470613438463953 -11.470613438461495 
0.0 0.0 0.0 0.0 0.0 0.0 
-2.4823680630767417 -2.4510223974399983 -2.4510223974399983 -2.48236806307827 -11.470613438460397 -11.470613438463975 
-2.4183706623999965 -2.2732518400000004 -2.2732518400000004 -2.4183706623999757 -11.363951103999835 -11.363951103999991 
-2.4510223974399983 -2.4510223974399983 -2.4510223974399983 -2.3639511040000043 -11.418370662399994 -11.418370662399994 
-2.4936525027082226 -2.4936525027082226 -2.4936525027082226 -2.482368063078405 -11.489420837847035 -11.489420837847035 
0.0 0.0 0.0 0.0 0.0 0.0 
-2.489420837847039 -2.489420837847039 -2.489420837847039 -2.470613438464005 -11.482368063078393 -11.482368063078393 
-2.3639511040000043 -2.451022397440001 -2.4510223974399983 -2.451022397440001 -11.418370662399994 -11.418370662399994 
-2.1220864000000033 -2.3639511040000007 -2.3639511040000007 -2.3639511040000007 -11.273251839999993 -11.273251839999993 
-2.3639511040000043 -2.451022397440001 -2.4510223974399974 -2.451022397440001 -11.418370662399994 -11.418370662399994 
0.0 0.0 0.0 0.0 0.0 0.0 
-1.870144000000003 -1.870144000000003 -1.870144000000003 -0.7504000000000046 -10.450239999999994 -10.450239999999994 
-0.7504000000000046 2.3599999999999888 2.3599999999999888 -0.7504000000000046 -8.584 -8.584 
-1.870144000000003 -1.8701440000000011 -1.870144000000003 -0.7504000000000046 -10.450239999999994 -10.450239999999994 
5.599999999999985 0.41599999999999304 0.41599999999999304 0.41599999999999304 -6.640000000000006 -6.640000000000006 
0.0 0.0 0.0 0.0 0.0 0.0 
-2.496191501624631 -2.4961915016246334 -2.493652502706616 -2.489420837847039 -11.493652502702991 -11.493652502692333 
-2.470613438446577 -2.4706134384636966 -2.4510223974393295 -2.418370662400001 -11.45102239743831 -11.451022397432208 
-2.4936525026985352 -2.4936525026970866 -2.489420837844851 -2.482368063078396 -11.489420837838388 -11.489420837842035 
-2.470613438463997 -2.418370662400001 -2.451022397439993 -2.4706134384639955 -11.451022397439937 -11.451022397439973 
0.0 0.0 0.0 0.0 0.0 0.0 
-2.470613438463996 -2.418370662400001 -2.4510223974399983 -2.470613438463997 -11.451022397439992 -11.451022397439985 
-2.3639511039999905 -2.1220864000000033 -2.2732518400000004 -2.3639511039999777 -11.273251839999984 -11.273251839999993 
-2.470613438457761 -2.4706134384622263 -2.4510223974388925 -2.418370662400001 -11.451022397417848 -11.45102239728156 
-2.4961915016248764 -2.496191501624847 -2.493652502708166 -2.4894208378470406 -11.493652502708168 -11.49365250270719 
0.0 0.0 0.0 0.0 0.0 0.0 
-2.493652502707627 -2.4936525027077607 -2.4894208378468394 -2.4823680630784013 -11.489420837845458 -11.489420837834835 
-2.418370662400001 -2.470613438463956 -2.451022397439973 -2.418370662400001 -11.451022397439818 -11.45102239743999 
-2.273251840000004 -2.418370662399941 -2.3639511039999825 -2.273251840000004 -11.36395110399987 -11.363951103999343 
-2.4183706623999983 -2.470613438463991 -2.4510223974399494 -2.418370662400001 -11.451022397439967 -11.451022397438994 
0.0 0.0 0.0 0.0 0.0 0.0 
-2.1220863999999997 -2.1220863999999997 -1.870144000000003 -1.4502400000000035 -10.870143999999993 -10.870143999999993 
0.41599999999999304 5.599999999999985 2.3599999999999888 0.41599999999999304 -6.640000000000006 -6.640000000000006 
-2.1220863999999997 -2.1220863999999997 -1.8701440000000011 -1.4502400000000035 -10.870143999999993 -10.870143999999993 
2.3599999999999888 -0.7504000000000046 0.41599999999999304 2.3599999999999888 -8.584 -8.584 
0.0 0.0 0.0 0.0 0.0 0.0 
-2.4823680626463154 -2.451022397440001 -2.470613437257341 -2.4706134382763567 -11.47061341786416 -11.47061343435838 
-2.3639510424635235 -2.1220863999999997 -2.273251754233224 -2.2732517719963377 -11.27325094834027 -11.273250627565144 
-2.4706132699417025 -2.418370662400001 -2.4510223488637357 -2.4510221701386183 -11.45102166748143 -11.451022166992283 
-2.4977149007359074 -2.493652502708219 -2.4961914973373966 -2.4961914983879905 -11.496191219146867 -11.496191498109205 
0.0 0.0 0.0 0.0 0.0 0.0 
-2.497714898683858 -2.493652502708219 -2.4961914990471374 -2.496191500978247 -11.496191471000417 -11.49619140321175 
-2.4894208252493812 -2.470613438463995 -2.4823680621380233 -2.48236801115912 -11.482367587750275 -11.482368062164566 
-1.4502400000000035 -2.1220863999999997 -1.870144000000003 -1.870144000000003 -10.870143999999993 -10.870143999999993 
-2.3639511040000043 -2.451022397440001 -2.4183706624000045 -2.418370662400001 -11.418370662399994 -11.418370662399994 
0.0 0.0 0.0 0.0 0.0 0.0 
-2.273251840000004 -2.418370662400001 -2.3639511040000043 -2.3639511040000007 -11.363951103999995 -11.363951103999995 
-2.493652429411489 -2.4823680630783986 -2.4894208253820027 -2.48942083064641 -11.489420753268288 -11.489420823232704 
-2.482368020088482 -2.451022397440001 -2.4706134102731805 -2.470613272748005 -11.470613342996618 -11.470613316727013 
-2.4936524945247527 -2.4823680630783986 -2.48942083606283 -2.4894208241391533 -11.48942081362896 -11.489419303611983 
0.0 0.0 0.0 0.0 0.0 0.0 
-0.7504000000000046 2.3599999999999888 0.41599999999999304 0.41599999999999304 -8.584 -8.584 
-2.273251840000004 -1.870144000000003 -2.1220864000000033 -2.1220864000000033 -11.122086399999993 -11.122086399999993 
10.999999999999982 2.3599999999999888 5.599999999999985 5.599999999999985 -3.400000000000013 -3.4000000000000092 
-2.1220863999999997 -1.4502400000000035 -1.870144000000003 -1.870144000000003 -10.870143999999993 -10.870143999999993 
0.0 0.0 0.0 0.0 0.0 0.0 
-2.489420837847037 -2.4706134384640004 -2.489420837847037 -2.4823680630783986 -11.482368063078393 -11.482368063078393 
-2.4183706623976597 -2.273251840000004 -2.4183706623999517 -2.3639511039999888 -11.363951103999296 -11.363951103999893 
-2.4823680630778067 -2.4510223974399974 -2.4823680630782894 -2.470613438463987 -11.470613438463092 -11.47061343846395 
-2.49619149406614 -2.4894208378470353 -2.4894208378470353 -2.4936525025607734 -11.493652493535164 -11.493652502092166 
0.0 0.0 0.0 0.0 0.0 0.0 
-2.496191498106931 -2.4894208378470353 -2.4894208378470353 -2.4936525021352294 -11.493652462975017 -11.493652492634318 
-2.4823680531007386 -2.4510223974399956 -2.4510223974399956 -2.4706134308829037 -11.470613383229797 -11.470613413763727 
-2.4183706623999885 -2.273251840000004 -2.4183706623999983 -2.3639511039999994 -11.363951103999929 -11.36395110399961 
-2.489420837847039 -2.470613438464005 -2.489420837847039 -2.482368063078396 -11.48236806307838 -11.482368063078347 
0.0 0.0 0.0 0.0 0.0 0.0 
-2.4823680630783906 -2.4510223974400045 -2.482368063078355 -2.4706134384640004 -11.470613438463996 -11.470613438463971 
-2.4894208350064844 -2.4706134384640004 -2.4706134384639986 -2.48236806245662 -11.482368054578803 -11.482368051910155 
-2.470613434026509 -2.418370662400001 -2.418370662400001 -2.451022394562087 -11.45102238030609 -11.451022392613465 
-2.4894208312789803 -2.4706134384640004 -2.4706134384639986 -2.4823680619934403 -11.482368060572636 -11.482368046782117 
0.0 0.0 0.0 0.0 0.0 0.0 
-1.4502400000000035 0.41599999999999304 -1.4502400000000017 -0.7504000000000046 -9.750399999999996 -9.750399999999996 
-2.122086399999092 -1.4502400000000035 -1.4502400000000035 -1.8701440000000011 -10.870143999999993 -10.870143999999993 
-1.4502400000000035 0.41599999999999304 -1.4502400000000017 -0.7504000000000046 -9.750399999999996 -9.750399999999996 
-1.8701439999796219 -0.7504000000000046 -0.7504000000000046 -1.4502400000000017 -10.450239999999994 -10.450239999999994 
0.0 0.0 0.0 0.0 0.0 0.0 
-2.4936525022192715 -2.4823680630784013 -2.48942083782168 -2.4823680630783986 -11.489420809879201 -11.489420837040152 
-2.4510223955965236 -2.3639511040000007 -2.4183706623786185 -2.3639511040000007 -11.418370661396368 -11.418370661623916 
-2.4894208377941256 -2.470613438463997 -2.4823680630533778 -2.470613438463997 -11.482368062415363 -11.4823680580993 
-2.4936525027082124 -2.482368063078396 -2.4894208378448313 -2.493652502707807 -11.489420837842058 -11.489420837845747 
0.0 0.0 0.0 0.0 0.0 0.0 
-2.493652502708045 -2.482368063078396 -2.489420837846996 -2.4936525027061647 -11.489420837844413 -11.489420837846671 
-2.4706134384617724 -2.4183706623999965 -2.4510223974390284 -2.4706134384565828 -11.451022397413773 -11.451022397370616 
-2.451022397262896 -2.3639511040000007 -2.418370662386545 -2.3639511040000007 -11.418370661015663 -11.418370661984273 
-2.493652502701677 -2.4823680630784013 -2.489420837846604 -2.4823680630784013 -11.489420837650218 -11.489420837806474 
0.0 0.0 0.0 0.0 0.0 0.0 
-2.489420837805152 -2.4706134384640004 -2.4823680629882094 -2.4706134384640004 -11.482368062310632 -11.482368063025191 
-2.482368063078397 -2.451022397440001 -2.4706134384639986 -2.482368063078397 -11.470613438463992 -11.470613438463992 
-2.4510223974390932 -2.3639511040000043 -2.4183706623999885 -2.4510223974395533 -11.418370662399937 -11.418370662384016 
-2.482368063078397 -2.451022397440001 -2.4706134384639986 -2.482368063078397 -11.470613438463992 -11.470613438463982 
0.0 0.0 0.0 0.0 0.0 0.0 
-1.8701440000000003 -0.7504000000000046 -1.4502400000000035 -0.7504000000000046 -10.450239999999994 -10.450239999999994 
-1.870144000000003 -0.7504000000000046 -1.4502400000000035 -1.8701440000000011 -10.450239999999994 -10.450239999999994 
-1.8701440000000003 -0.7504000000000046 -1.4502400000000017 -0.7504000000000046 -10.450239999999994 -10.450239999999994 
-1.4502400000000035 0.41599999999999304 -0.7504000000000046 -1.4502400000000017 -9.750399999999996 -9.750399999999996 
0.0 0.0 0.0 0.0 0.0 0.0 
-2.4961915016130733 -2.489420837847039 -2.4961915015704585 -2.4936525027018352 -11.493652502680643 -11.493652502600332 
-2.470613438463258 -2.418370662400001 -2.4706134384596896 -2.4510223974375793 -11.451022397398205 -11.451022397416095 
-2.493652502586154 -2.482368063078396 -2.493652502701445 -2.489420837821566 -11.489420837731043 -11.489420836738526 
-2.4894202618750874 -2.470613438463997 -2.470613438463997 -2.4823680462430384 -11.48236781342375 -11.482366616558627 
0.0 0.0 0.0 0.0 0.0 0.0 
-2.4894207738168843 -2.470613438463997 -2.470613438463997 -2.482368035351399 -11.48236624566212 -11.482365501179828 
-2.451022255617699 -2.363951103999998 -2.363951103999998 -2.418368385791015 -11.418367898230663 -11.418367150260861 
-2.470613438427206 -2.418370662400001 -2.4706134384634435 -2.4510223974181544 -11.451022397166756 -11.451022397387355 
-2.496191501623441 -2.4894208378470406 -2.4961915016238683 -2.4936525027078567 -11.493652502705809 -11.493652502707775 
0.0 0.0 0.0 0.0 0.0 0.0 
-2.4936525027080814 -2.4823680630784013 -2.493652502707828 -2.4894208378413736 -11.489420837844515 -11.489420837841367 
-2.273251840000004 -2.418370662400001 -2.418370662400001 -2.3639511040000007 -11.363951103999995 -11.363951103999995 
-1.870144000000003 -2.2732518400000004 -2.273251840000004 -2.1220864000000033 -11.122086399999993 -11.122086399999993 
-2.273251840000004 -2.418370662400001 -2.4183706623999983 -2.3639511040000007 -11.363951103999995 -11.363951103999995 
0.0 0.0 0.0 0.0 0.0 0.0 
-2.1220863999999997 -1.4502400000000035 -2.1220864000000033 -1.870144000000003 -10.870143999999993 -10.870143999999993 
-1.4502400000000017 0.41599999999999304 0.41599999999999304 -0.7504000000000046 -9.750399999999996 -9.750399999999996 
-2.1220863999999997 -1.4502400000000035 -2.1220863999999997 -1.870144000000003 -10.870143999999993 -10.870143999999993 
10.999999999999982 2.3599999999999888 2.3599999999999888 5.599999999999985 -3.4000000000000092 -3.4000000000000092 
0.0 0.0 0.0 0.0 0.0 0.0 
-2.497714881747929 -2.4936525027082217 -2.496191436496779 -2.4936525027082217 -11.496191119163523 -11.496189371584528 
-2.4823673273937263 -2.4510223974399983 -2.4706128021341933 -2.4510223974399983 -11.47061272737205 -11.470610435393233 
-2.4961914264084486 -2.4894208378470353 -2.4936523223225744 -2.4894208378470353 -11.493650582858265 -11.493651935154661 
-2.4823680629081393 -2.4510223974399983 -2.4706134383304406 -2.482368062582699 -11.470613436556196 -11.470613437950187 
0.0 0.0 0.0 0.0 0.0 0.0 
-2.4823680621464974 -2.4510223974399983 -2.470613438362472 -2.48236806257379 -11.470613434293055 -11.4706134377189 
-2.418370662071117 -2.2732518400000004 -2.363951101848687 -2.418370655547299 -11.363951102200671 -11.363951101294294 
-2.482367872931441 -2.4510223974399983 -2.4706133468934426 -2.4510223974399983 -11.470610654408333 -11.47060705781994 
-2.497714864184832 -2.4936525027082226 -2.4961914947721575 -2.4936525027082226 -11.496191438685027 -11.496191083337553 
0.0 0.0 0.0 0.0 0.0 0.0 
-2.4961914118549386 -2.489420837847039 -2.4936524951519408 -2.489420837847039 -11.493650103604535 -11.493651358543785 
-2.3639511040000043 -2.4510223974399983 -2.418370662400001 -2.3639511040000043 -11.418370662399994 -11.418370662399994 
-2.122086400000952 -2.3639511039824264 -2.273251839999948 -2.1220864000000033 -11.273251839989678 -11.273251839948404 
-2.3639511040000043 -2.4510223974399974 -2.4183706623999983 -2.3639511040000007 -11.418370662399994 -11.418370662399994 
0.0 0.0 0.0 0.0 0.0 0.0 
-2.2732518399999977 -1.870144000000003 -2.1220863999999997 -1.870144000000003 -11.122086399999993 -11.122086399999993 
-0.7504000000000046 2.3599999999999888 0.41599999999999304 -0.7504000000000046 -8.584 -8.584 
-2.2732518399999977 -1.870144000000003 -2.1220863999999997 -1.870144000000003 -11.122086399999993 -11.122086399999993 
5.599999999999985 0.41599999999999304 2.3599999999999888 5.599999999999985 -6.640000000000006 -6.640000000000006 
0.0 0.0 0.0 0.0 0.0 0.0 
-2.482343173352235 -2.4706134384639986 -2.4823601786531087 -2.482358822669429 -11.482347066180406 -11.482305140956761 
-2.3638586828342723 -2.2732518399999977 -2.3636955061465215 -2.363867455608178 -11.362057350507133 -11.362492008697915 
-2.4705377931978485 -2.4510223974399983 -2.470553621532761 -2.4705917428383484 -11.470499904322786 -11.470142254592016 
-2.497713793982389 -2.4961915016249296 -2.49771303613959 -2.4977145240738645 -11.497675442276847 -11.497663684903587 
0.0 0.0 0.0 0.0 0.0 0.0 
-2.497712310801475 -2.4961915016249296 -2.497712364340818 -2.4977142210949053 -11.49771044590046 -11.497700817029957 
-2.489412467816152 -2.482368063078395 -2.489408480257188 -2.4894196294839106 -11.489353191735578 -11.489239442710886 
-1.4502400000000035 -1.8701440000000011 -1.4502400000000035 -1.4502400000000035 -0.7504000000000046 -10.450239999999994 
-2.3639511040000043 -2.418370662400001 -2.3639511040000043 -2.3639511040000043 -2.273251840000004 -11.363951103999995 
0.0 0.0 0.0 0.0 0.0 0.0 
-2.2732518400000004 -2.3639511040000007 -2.273251840000004 -2.273251840000004 -2.1220864000000033 -11.273251839999993 
-2.49365067127387 -2.489420837847037 -2.4936479248875636 -2.4936499606428195 -11.493571836889087 -11.493561519425162 
-2.482308737255299 -2.4706134384639986 -2.4823567431173736 -2.482361621877911 -11.481173622750571 -11.482162315323572 
-2.4936473066367646 -2.489420837847037 -2.493650578859809 -2.4936217744434486 -11.49352497032516 -11.493614348598141 
0.0 0.0 0.0 0.0 0.0 0.0 
-0.7504000000000046 0.41599999999999304 -0.7504000000000046 -0.7504000000000046 -9.750399999999996 -1.4502400000000035 
-2.273251840000004 -2.1220864000000033 -2.273251840000004 -2.273251840000004 -11.273251839999993 -2.3639511040000007 
10.999999999999982 5.599999999999985 10.999999999999982 10.999999999999982 1.9999999999999902 19.999999999999986 
-2.1220864000000033 -1.870144000000003 -2.1220864000000033 -2.1220864000000033 -11.122086399999993 -2.2732518400000004 
0.0 0.0 0.0 0.0 0.0 0.0 
-2.4894208330756253 -2.4823680630783986 -2.493652487076713 -2.4894208112508927 -11.48941963647067 -11.489420471884388 
-2.4183697150690926 -2.3639511040000007 -2.451016843718786 -2.418369768421358 -11.418364904530254 -11.41836382132926 
-2.4823678977295796 -2.470613438463997 -2.489420724743298 -2.4823672398296477 -11.48236579768551 -11.482326534317233 
-2.4961831551772486 -2.493652502708219 -2.493652502708219 -2.4961567496375254 -11.496135439658216 -11.495429683672453 
0.0 0.0 0.0 0.0 0.0 0.0 
-2.496189589596117 -2.493652502708219 -2.493652502708219 -2.4961873430868877 -11.496144683522981 -11.49613687181253 
-2.4823560463815406 -2.470613438463995 -2.470613438463995 -2.4823660724854473 -11.482039154142038 -11.482049478947907 
-2.418370184350674 -2.3639511040000007 -2.451021775844202 -2.4183704536908155 -11.418368354805462 -11.418363447631354 
-2.4894207705229348 -2.4823680630784013 -2.4936523875246586 -2.4894207340402246 -11.489420048835528 -11.489419440381623 
0.0 0.0 0.0 0.0 0.0 0.0 
-2.4823680509284185 -2.4706134384640004 -2.48941986517596 -2.482367936632084 -11.482367600654964 -11.482367251620865 
-2.4894096785453854 -2.482368063078397 -2.482368063078397 -2.4894055656530556 -11.48932220569267 -11.489403552061715 
-2.4705566282359004 -2.4510223974399707 -2.451022397439973 -2.470578797109415 -11.469729095905436 -11.46980468242019 
-2.4894141010372017 -2.482368063078397 -2.482368063078397 -2.489420193343988 -11.489370726196107 -11.48931107675013 
0.0 0.0 0.0 0.0 0.0 0.0 
-1.4506861596777245 -0.7504000000000046 -1.8686455733000855 -1.4499558374295909 -10.427904996007074 -10.429754433715955 
-2.121104718420304 -1.8701439999994833 -1.8701439999993914 -2.121115341820696 -11.120146571581087 -11.120700783917664 
-1.4496234359392788 -0.7504000000000046 -1.8671082965371424 -1.450100262446341 -10.406985092639552 -10.425230303107707 
-1.8675672583259655 -1.4502399999889384 -1.4502399999887197 -1.8692028963942924 -10.864829377575443 -10.848018510093574 
0.0 0.0 0.0 0.0 0.0 0.0 
-2.4936516871561625 -2.489420837847037 -2.4936520734514587 -2.489420837847037 -11.493647675965208 -11.493611280541204 
-2.4510013607796166 -2.4183706623999983 -2.451004974483921 -2.4183706623999983 -11.450750357066926 -11.450632201133308 
-2.48939366132167 -2.482368063078396 -2.4894155665113553 -2.482368063078396 -11.489416081765853 -11.489316915801037 
-2.4936524483352422 -2.4894208378470353 -2.4936516705336946 -2.4961910034467025 -11.493652286896875 -11.493648235651674 
0.0 0.0 0.0 0.0 0.0 0.0 
-2.493652437698732 -2.4894208378470353 -2.49365246753146 -2.496191152125548 -11.49364944123346 -11.493650101955666 
-2.470609385409544 -2.4510223974399956 -2.470612376908916 -2.4823675568090247 -11.470605210583614 -11.47061001618483 
-2.4510152158633134 -2.4183706623999983 -2.451014403125563 -2.4183706623999983 -11.451002162856023 -11.450655130272906 
-2.4936505699241267 -2.489420837847039 -2.4936478517968297 -2.489420837847039 -11.493502746620372 -11.493625471591772 
0.0 0.0 0.0 0.0 0.0 0.0 
-2.4894206827319683 -2.4823680630783986 -2.489414668540422 -2.4823680630783986 -11.489372718367774 -11.489411232585212 
-2.482367959636523 -2.4706134384639986 -2.4823679135274377 -2.48942072785865 -11.482367672186369 -11.482367654870492 
-2.4510219649437226 -2.418370662400001 -2.451021989010544 -2.4706021142760717 -11.45101421506276 -11.45101884562012 
-2.4823680222310487 -2.4706134384639986 -2.4823677994930833 -2.4894207274714284 -11.482365369430335 -11.482366297115322 
0.0 0.0 0.0 0.0 0.0 0.0 
-1.8677961808930859 -1.4502400000000017 -1.8693274033045175 -1.4502945592249339 -10.761421898487347 -10.855186856399715 
-1.8701192723003381 -1.4502400000000035 -1.8699088535466997 -2.122005706621186 -10.869027775350458 -10.867636890322009 
-1.8690594170100847 -1.4502400000000017 -1.8680075855210565 -1.4502485965146372 -10.858331056115855 -10.847544263126272 
-1.450236959404856 -0.7504000000000046 -1.4502350608676113 -1.870063679142795 -10.449921594845259 -10.447675652737107 
0.0 0.0 0.0 0.0 0.0 0.0 
-2.4961912807468316 -2.4936525027082217 -2.4977145745774734 -2.4961914146190334 -11.496190969338718 -11.49619037027607 
-2.47060650164241 -2.4510223974399983 -2.4823616452992567 -2.470613200949316 -11.470588819134392 -11.470604925933774 
-2.493652276686263 -2.4894208378470353 -2.4961913783838425 -2.4936524155541844 -11.493645287868391 -11.493651831412722 
-2.4893642777213065 -2.4823680630783755 -2.4823680630783747 -2.4894028709534974 -11.489379584668022 -11.489274488740723 
0.0 0.0 0.0 0.0 0.0 0.0 
-2.489412711458708 -2.48236806307836 -2.4823680630783667 -2.489402526697292 -11.489349455296598 -11.489101953118393 
-2.4509785232356367 -2.4183706623999464 -2.418370662399953 -2.450903416586745 -11.450090759325244 -11.449497905151329 
-2.4706104052013194 -2.4510223974399983 -2.4823678604828943 -2.4706122662693923 -11.470610905971135 -11.47059606614218 
-2.496191450255366 -2.4936525027082226 -2.4977147736640646 -2.496191466609123 -11.496190805492274 -11.496191220018476 
0.0 0.0 0.0 0.0 0.0 0.0 
-2.4936522370164393 -2.489420837847039 -2.4961913292421833 -2.4936520024048394 -11.493651349733454 -11.493643980652932 
-2.2732518400000004 -2.3639511040000007 -2.3639511040000007 -2.273251840000004 -2.1220864000000033 -11.273251839999993 
-1.870144000000003 -2.1220863999999997 -2.1220864000000033 -1.870144000000003 -1.4502400000000035 -10.870143999999993 
-2.2732518400000004 -2.3639511040000007 -2.3639511040000007 -2.2732518400000004 -2.1220864000000033 -11.273251839999993 
0.0 0.0 0.0 0.0 0.0 0.0 
-2.1220863999999997 -1.870144000000003 -2.2732518399999977 -2.1220863999999997 -11.122086399999993 -2.2732518400000004 
-1.4502400000000035 -0.7504000000000046 -0.7504000000000046 -1.4502400000000035 -10.450239999999994 -1.8701440000000011 
-2.1220863999999997 -1.870144000000003 -2.2732518399999977 -2.1220863999999997 -11.122086399999993 -2.2732518400000004 
10.999999999999982 5.599999999999985 5.599999999999985 10.999999999999982 1.9999999999999902 19.999999999999986 
0.0 0.0 0.0 0.0 0.0 0.0 
-2.497712340182652 -2.4961915016249314 -2.4977143010737453 -2.4961915016249314 -11.497708983210282 -11.497660654072094 
-2.4823457784705383 -2.4706134384639817 -2.4823558979122335 -2.4706134384639826 -11.481503794633243 -11.482260331008312 
-2.49618674068616 -2.4936525027082093 -2.496185061349745 -2.4936525027082097 -11.49594522025249 -11.496147835148513 
-2.482366532895515 -2.470613438463997 -2.4823671903256335 -2.489415867110812 -11.482361495277104 -11.482363411162762 
0.0 0.0 0.0 0.0 0.0 0.0 
-2.4823673017927472 -2.470613438463997 -2.48236586715152 -2.489416284528913 -11.482362929632867 -11.482362447442588 
-2.418369802420208 -2.363951103999998 -2.4183695500139537 -2.4510179374886247 -11.418359131543898 -11.418346664431317 
-2.4823296717618075 -2.470613438463979 -2.482359844904406 -2.470613438463981 -11.481841765773002 -11.482286306273508 
-2.497714003688578 -2.4961915016249314 -2.497713699464102 -2.4961915016249314 -11.497689803188052 -11.497708977308749 
0.0 0.0 0.0 0.0 0.0 0.0 
-2.4961858940867 -2.4936525027082217 -2.4961903280625113 -2.4936525027082217 -11.496182602012485 -11.496166380066802 
-2.3639511040000007 -2.418370662400001 -2.3639511040000007 -2.273251840000004 -11.363951103999995 -11.363951103999995 
-2.122086399999004 -2.2732518399818384 -2.1220863999951556 -1.870144000000003 -11.12208639999213 -11.12208639998917 
-2.363951103999959 -2.4183706623999184 -2.363951103998935 -2.273251840000004 -11.363951103999922 -11.363951103998154 
0.0 0.0 0.0 0.0 0.0 0.0 
-2.273251839997227 -2.1220863999999997 -2.2732518398404484 -2.1220863999999997 -11.273251838891403 -11.273251839455405 
-0.7504000000036197 0.41599999999999304 -0.7504000000135161 -1.4502399999997864 -9.750399999998427 -9.750399999346154 
-2.2732518399987303 -2.1220863999999997 -2.273251839999594 -2.1220863999999997 -11.273251839916943 -11.27325183928415 
5.599999999999985 2.3599999999999888 5.599999999999985 10.999999999999982 -3.400000000000013 -3.400000000000013 
